1.018068147775613053e+00,2.660399727649291890e-01,7.098837834284122961e-01,1.710798074243535583e+00
-1.121061570061808066e+00,-8.025077303455897537e-01,-3.118784091833902150e-01,-9.261916718877624688e-02
2.206473546574180489e+00,-1.306251647526263104e+00,8.764754452672932628e-01,2.297529728713852259e-03
-9.852438101991146668e-01,-5.735332225361928771e-01,-9.930532042579255370e-01,-1.041786136363677118e+00
-6.847393112593416764e-02,-9.551574022185210788e-01,-8.671839486463265301e-01,-1.875358641062663534e-01
-1.358742649821521598e+00,-1.308491741046923507e-01,-6.931882129479398635e-01,-5.672026517762267517e-01
-2.722005709199742940e-01,8.766386602566543784e-01,-9.042043179438555844e-01,-1.875358641062663534e-01
1.697156947089080159e+00,9.376985290058266198e-01,3.767004597506506958e-01,1.921309235636940449e-01
1.629248067157733404e+00,-9.246274678439349026e-01,5.618023062382961896e-01,1.805714771161025745e+00
-6.117449705767078472e-01,-2.834988459776236480e-01,1.804925024737463746e-01,2.297529728713852259e-03
-5.650511945874597602e-04,2.128365969614690378e+00,4.285289767671914274e-01,-9.261916718877624688e-02
-3.740638908169943710e-01,-3.445587147267959449e-01,-6.709759913694224309e-01,-9.261916718877624688e-02
-5.098816506796877146e-01,1.746741789932362066e+00,-9.338206133818789390e-01,9.721422664620395226e-02
-1.024283710916075174e-01,4.186896446378605141e-01,3.470841643126273968e-01,2.297529728713852259e-03
2.710704685307993578e-01,1.136143102440636987e+00,9.949406270193864588e-01,-4.722859548587366452e-01
-6.456994105423812247e-01,5.408093821362051079e-01,-1.749030427825329082e-01,1.710798074243535583e+00
2.647881266127934285e+00,1.212467938377102428e+00,5.832528379190050211e-02,8.565478019861246795e-01
3.338938877108589554e-02,-4.361485178505549176e-01,-6.376576590016461710e-01,-2.824525610237564321e-01
2.371160285651260080e-01,-1.155842069173990128e-01,-8.523758009273150194e-01,8.565478019861246795e-01
9.841137078099397861e-01,1.151408069627930297e+00,-6.598698805801637146e-01,1.046381195821104892e+00
-7.136082904737278687e-01,-1.321516614713556415e+00,1.915986132630053129e-01,-9.468694394461870667e-01
-3.451949116026081094e-02,3.423648087013948516e-01,-3.637069261999310021e-01,5.717977112336544154e-01
-3.061550108856476160e-01,6.323991852599640806e-01,4.100187921184269002e-01,2.659965043418436537e+00
1.357612547432346606e+00,-3.925937098093337102e-02,1.539140055693063669e+00,-3.773692579412465387e-01
-1.019198250164788044e+00,-1.077277139716866117e+00,-6.228495112826345492e-01,-9.468694394461870667e-01
-8.833804903020946453e-01,-1.825260531894229876e+00,-9.153104287331144118e-01,-3.773692579412465387e-01
1.352527086681059587e-01,-6.498580584726585396e-01,2.841495365068278933e-01,1.236214589656085217e+00
-5.098816506796877146e-01,-1.199396877215211266e+00,1.964874302614648016e+00,9.721422664620395226e-02
6.785237481188796105e-01,2.049801040157568921e-01,-5.643786103043974683e-02,2.870476204811841514e-01
-5.438360906453610921e-01,1.591852024538768784e-01,8.505611867590229247e-01,1.331131286573575156e+00
-9.512893702334414003e-01,9.682284633804133511e-01,2.508312041390516889e-01,-4.722859548587366452e-01
2.104610226677160245e+00,3.270998415141014859e-01,-6.080413635636229275e-01,-5.672026517762267517e-01
5.087515482905128339e-01,1.273527807126275890e+00,9.653243315813627712e-01,4.768810143161643644e-01
-4.080183307826676931e-01,-1.397841450650022077e+00,-7.413146930347277452e-01,1.520964680408555481e+00
1.391566987398020094e+00,-6.803879928472451599e-01,-5.228945141793062135e-01,7.616311050686346285e-01
9.501592678442664086e-01,-3.292937475395031344e-01,4.766554568539788650e-01,-2.824525610237564321e-01
-1.596423729581235129e+00,-5.887981897234861872e-01,5.581002693085429511e-01,-9.468694394461870667e-01
-5.098816506796877146e-01,1.105613168066051255e+00,-3.377926676916608306e-01,-9.261916718877624688e-02
-5.098816506796877146e-01,-1.901585367830695539e+00,2.064067609820167404e-01,-9.468694394461870667e-01
-5.777905306110344696e-01,-1.168866942840625311e+00,3.359780535233686249e-01,-5.672026517762267517e-01
-1.019198250164788044e+00,-1.138337008466039135e+00,-3.451967415511664194e-01,-1.875358641062663534e-01
1.085977027706959808e+00,4.339546118251538243e-01,1.046769144035926802e+00,9.514644989036148415e-01
-1.528514849649888374e+00,-1.352046549088142591e+00,-6.931882129479398635e-01,-1.041786136363677118e+00
2.342291306436873999e+00,8.919036274439476886e-01,-6.709759913694224309e-01,8.565478019861246795e-01
-4.419727707483410706e-01,1.471972380561086036e+00,-9.708409826794077713e-01,-9.468694394461870667e-01
5.087515482905128339e-01,1.591852024538768784e-01,-6.117434004933758329e-01,6.667144081511445775e-01
-2.513193608654415545e+00,-1.046747205342280163e+00,5.618023062382961896e-01,3.819643173986742579e-01
7.803870680158996320e-01,-9.856873365931078101e-01,9.764304423706219316e-01,-7.570360456112069647e-01
-1.363828110572808672e-01,1.439202352665835127e-01,-6.561678436504108092e-01,9.514644989036148415e-01
-6.456994105423812247e-01,-4.361485178505549176e-01,-8.597798747868207192e-01,2.297529728713852259e-03
-3.061550108856476160e-01,9.812533370470456762e-02,1.553948203412075291e+00,5.717977112336544154e-01
-3.061550108856476160e-01,1.655151986808604203e+00,1.516927834114546236e+00,2.090464861913496009e+00
-7.815171704050746238e-01,-1.871055433456108696e+00,-3.748130369891899405e-01,-6.621193486937168027e-01
9.501592678442664086e-01,-4.514134850378482833e-01,-9.116083918033615063e-01,-4.722859548587366452e-01
-6.117449705767078472e-01,1.591852024538768784e-01,1.598372646569110156e+00,-3.773692579412465387e-01
7.124781880845529880e-01,-4.972083865997272145e-01,-8.975619339821575005e-02,-5.672026517762267517e-01
3.729337884278194348e-01,4.950144805743261212e-01,-7.561228407537392560e-01,-8.519527425286970157e-01
-1.324788209855848331e+00,2.180049776823892588e-02,-1.452867473445094149e-01,-9.468694394461870667e-01
-4.007188967144043268e+00,-1.092542106904159649e+00,-1.093008201361253873e+00,-9.468694394461870667e-01
-1.902013689272295194e+00,1.133903008919979194e-01,-1.637969319932739698e-01,8.565478019861246795e-01
-7.815171704050746238e-01,8.919036274439476886e-01,-2.415397075180851227e-01,-4.722859548587366452e-01
-2.042916909886275945e-01,-1.046747205342280163e+00,-4.747680340925183318e-01,-7.570360456112069647e-01
-1.703372510229542169e-01,-1.443636352211901563e+00,-1.093008201361253873e+00,-9.468694394461870667e-01
-1.188970449993154821e+00,-3.903536162886754313e-01,1.228168953593819390e+00,3.819643173986742579e-01
-5.777905306110344696e-01,-1.107807074091452293e+00,-7.339106191752219344e-01,-9.468694394461870667e-01
6.445693081532062330e-01,2.586314985233483910e+00,-7.709309884727509887e-01,4.768810143161643644e-01
-2.722005709199742940e-01,8.286036651741122971e-02,9.727284054408685821e-01,-4.722859548587366452e-01
-6.117449705767078472e-01,1.014023364942292282e+00,-4.118334062867188283e-01,-5.672026517762267517e-01
-3.740638908169943710e-01,-8.177726975328831749e-01,-1.000457278117431015e+00,-7.570360456112069647e-01
-1.290833769890174842e+00,-1.947380269392574359e+00,-6.561678436504108092e-01,-1.041786136363677118e+00
1.692071486337793085e-01,2.180049776823892588e-02,2.870898835387700535e-02,1.921309235636940449e-01
-1.256879329924501576e+00,2.265750674300329059e+00,-6.450617328611520929e-01,9.514644989036148415e-01
5.427059882561862114e-01,-1.229926811589797442e+00,-5.858291419851057169e-01,2.659965043418436537e+00
8.143415079815730095e-01,-1.092542106904159649e+00,1.205956732015301514e+00,-1.041786136363677118e+00
8.822503879129197646e-01,3.118348743268081757e-01,-6.672739544396695255e-01,7.616311050686346285e-01
-8.833804903020946453e-01,-3.925937098093337102e-02,-1.130028570658782927e+00,-7.570360456112069647e-01
-1.596423729581235129e+00,-1.748935695957764214e+00,-4.155354432164719558e-01,-9.468694394461870667e-01
-8.494260503364212678e-01,-4.819434194124344040e-01,-2.933682245346256878e-01,-8.519527425286970157e-01
1.352527086681059587e-01,2.723699689919123035e+00,-4.081313693569659229e-01,-9.261916718877624688e-02
1.527384747260713382e+00,1.090348200878757945e+00,2.912595756631392696e+00,9.721422664620395226e-02
1.119931467672633296e+00,-8.788325662820554163e-01,-9.486287611008905607e-01,-9.468694394461870667e-01
2.371160285651260080e-01,-1.428371385024608253e+00,-6.413596959313990764e-01,-1.041786136363677118e+00
-1.256879329924501576e+00,-8.025077303455897537e-01,-5.636169204065879512e-01,-7.570360456112069647e-01
-1.121061570061808066e+00,1.181938004002516918e+00,1.831600973143543643e+00,-4.722859548587366452e-01
2.710704685307993578e-01,-4.819434194124344040e-01,1.354038209205417953e+00,-1.041786136363677118e+00
-7.475627304394012462e-01,-1.443636352211901563e+00,-8.449717270678090975e-01,-4.722859548587366452e-01
8.822503879129197646e-01,-3.598236819140893106e-01,-5.488087726875765515e-01,4.768810143161643644e-01
-1.188970449993154821e+00,3.728947430759804726e-01,-3.674089631296839076e-01,-6.621193486937168027e-01
-7.815171704050746238e-01,8.461087258820676471e-01,-6.968902498776927690e-01,-7.570360456112069647e-01
1.799020266986100181e+00,2.202450712030491753e-01,-8.745880225058324520e-01,-7.570360456112069647e-01
-9.852438101991146668e-01,-1.003192397301062161e-01,-9.005022810141026790e-01,-8.519527425286970157e-01
-1.426651529752868353e+00,3.270998415141014859e-01,-1.637969319932739698e-01,-6.621193486937168027e-01
1.425521427363693361e+00,-2.071740100411580132e-01,5.655043431680487620e-01,6.667144081511445775e-01
9.501592678442664086e-01,-1.003192397301062161e-01,3.841045336101565066e-01,2.754881740335926477e+00
2.031615885994526582e-01,3.270998415141014859e-01,-7.968452469810213268e-01,5.717977112336544154e-01
-1.358742649821521598e+00,2.813049399522225547e-01,8.098387805317408539e-01,-6.621193486937168027e-01
-7.136082904737278687e-01,-5.582682553489001220e-01,2.870898835387700535e-02,-9.468694394461870667e-01
-6.456994105423812247e-01,-1.321516614713556415e+00,-7.857391361917626105e-01,-1.041786136363677118e+00
-2.382461309543009442e-01,3.576297758886881617e-01,-6.487637697909049983e-01,-7.570360456112069647e-01
-3.740638908169943710e-01,2.660399727649291890e-01,-1.156704519064863379e-01,-8.519527425286970157e-01
4.747971083248395119e-01,-7.719777959710036885e-01,-9.227145025926201116e-01,3.514215315675847329e+00
-1.703372510229542169e-01,2.202450712030491753e-01,-5.821271050553525894e-01,-8.519527425286970157e-01
6.734382873675924530e-02,1.685681921183189713e+00,6.202732072165341448e-02,-1.875358641062663534e-01
-5.650511945874597602e-04,2.202450712030491753e-01,-6.450617328611520929e-01,-8.519527425286970157e-01
-3.451949116026081094e-02,4.034246774505671485e-01,-1.193724888362392433e-01,7.616311050686346285e-01
-4.419727707483410706e-01,-6.040631569107796084e-01,1.131915993420243849e+00,2.849798437253416861e+00
1.866929146917446936e+00,-3.292937475395031344e-01,-2.748580398858613272e-01,9.721422664620395226e-02
1.352527086681059587e-01,2.202450712030491753e-01,2.512775768218078909e+00,9.721422664620395226e-02
1.765065827020426914e+00,4.034246774505671485e-01,-2.933682245346256878e-01,-1.875358641062663534e-01
-1.155016010027481554e+00,9.834934305677055510e-01,8.053750537041796942e-02,6.667144081511445775e-01
-7.475627304394012462e-01,-1.642080925646711931e+00,7.839245220234705158e-01,-5.672026517762267517e-01
2.371160285651260080e-01,2.965699071395148101e-01,-1.285514121708405177e+00,-9.261916718877624688e-02
-6.117449705767078472e-01,-1.613791084792784991e-01,5.988226755358249109e-01,-1.041786136363677118e+00
-8.494260503364212678e-01,-4.819434194124344040e-01,3.581902751018861131e-01,-9.468694394461870667e-01
3.729337884278194348e-01,-1.003192397301062161e-01,9.912385900896331092e-01,-2.824525610237564321e-01
-4.419727707483410706e-01,7.697838899456019846e-01,-1.022669499695948669e+00,-3.773692579412465387e-01
3.389793484621460573e-01,-1.642080925646711931e+00,-6.191474743528816438e-01,2.185381558830985949e+00
-4.080183307826676931e-01,1.166673036815223607e+00,-5.525108096173292349e-01,5.717977112336544154e-01
-3.401094508513209935e-01,9.812533370470456762e-02,-4.340456278652363165e-01,-9.468694394461870667e-01
-3.401094508513209935e-01,8.286036651741122971e-02,-6.043393266338700220e-01,9.514644989036148415e-01
1.221794787569653318e+00,1.439202352665835127e-01,-7.339106191752219344e-01,-8.519527425286970157e-01
-5.438360906453610921e-01,-4.862989002165562624e+00,5.062717522920026081e-01,-1.041786136363677118e+00
-2.071785889100662192e+00,1.439202352665835127e-01,-1.255897826270381934e+00,8.565478019861246795e-01
-4.080183307826676931e-01,-2.071740100411580132e-01,3.571558330127409864e+00,1.921309235636940449e-01
9.841137078099397861e-01,2.813049399522225547e-01,-8.042493208405271377e-01,3.134548528005887125e+00
-9.512893702334414003e-01,-6.956529600345380260e-01,-1.296620232497663894e+00,-9.468694394461870667e-01
6.106148681875328554e-01,8.461087258820676471e-01,-1.341806365552508928e-01,-7.570360456112069647e-01
-1.363828110572808672e-01,-1.519961188148367226e+00,-1.201341787340460751e-02,4.768810143161643644e-01
1.289703667501000073e+00,3.728947430759804726e-01,2.790428537949547039e+00,9.514644989036148415e-01
2.376245746402547265e+00,2.448930280547846117e+00,-1.104114312150512589e+00,1.046381195821104892e+00
1.153885907638306563e+00,2.769494591481002299e+00,-3.637069261999310021e-01,3.819643173986742579e-01
-6.456994105423812247e-01,-1.107807074091452293e+00,7.469041527259413504e-01,-1.041786136363677118e+00
-3.061550108856476160e-01,-1.016217270967693986e+00,1.472503390957511149e+00,-8.519527425286970157e-01
-1.019198250164788044e+00,-4.361485178505549176e-01,-7.635269146132451779e-01,-9.468694394461870667e-01
1.119931467672633296e+00,-3.292937475395031344e-01,-5.228945141793062135e-01,3.819643173986742579e-01
-5.438360906453610921e-01,8.155787915074820260e-01,-8.560778378570679248e-01,1.236214589656085217e+00
-1.363828110572808672e-01,1.884126494618000969e+00,-9.930532042579255370e-01,-4.722859548587366452e-01
-6.117449705767078472e-01,-3.292937475395031344e-01,-2.489437813775909336e-01,-1.041786136363677118e+00
4.408426683591661344e-01,-3.925937098093337102e-02,1.139320067279749660e+00,2.297529728713852259e-03
-4.759272107140143926e-01,-2.987638131649170137e-01,1.061577291754938424e+00,8.565478019861246795e-01
1.018068147775613053e+00,9.812533370470456762e-02,-6.635719175099166200e-01,-9.468694394461870667e-01
6.734382873675924530e-02,-3.445587147267959449e-01,1.013450811668151097e+00,1.921309235636940449e-01
-2.722005709199742940e-01,6.535530580945580169e-03,1.323660223869587427e-01,-2.824525610237564321e-01
-2.382461309543009442e-01,-5.277383209743139458e-01,2.212149087010283899e-01,-2.824525610237564321e-01
-5.438360906453610921e-01,-1.613791084792784991e-01,-9.449267241711376553e-01,3.819643173986742579e-01
5.427059882561862114e-01,5.408093821362051079e-01,3.952106443994152229e-01,-2.824525610237564321e-01
-1.324788209855848331e+00,1.777271724306948686e+00,8.986876668458103623e-01,-8.519527425286970157e-01
-1.460605969718541619e+00,-3.292937475395031344e-01,-2.415397075180851227e-01,9.721422664620395226e-02
2.070655786711486979e+00,1.286552680792912573e-01,1.050471180965680151e+00,3.819643173986742579e-01
-1.121061570061808066e+00,-1.003192397301062161e-01,-1.971152643610501742e-01,9.514644989036148415e-01
8.482959479472463871e-01,2.006246232116345674e+00,-9.079063548736084899e-01,1.426047983491065319e+00
4.068882283934927568e-01,1.105613168066051255e+00,1.927853933317118962e+00,4.768810143161643644e-01
-1.053152690130461311e+00,-1.321516614713556415e+00,-1.300322269427416799e+00,2.297529728713852259e-03
3.338938877108589554e-02,4.644845461997394453e-01,1.072683402544197140e+00,-8.519527425286970157e-01
-4.007188967144043268e+00,-6.345930912853656736e-01,-5.043843295305415753e-01,-1.041786136363677118e+00
-1.528514849649888374e+00,-7.719777959710036885e-01,-6.191474743528816438e-01,-4.722859548587366452e-01
7.803870680158996320e-01,-6.498580584726585396e-01,-7.079963606669514853e-01,7.616311050686346285e-01
2.579972386196587308e+00,6.171342180726707705e-01,1.146724141139255471e+00,8.565478019861246795e-01
-3.061550108856476160e-01,-6.040631569107796084e-01,7.580102635152001778e-01,-9.261916718877624688e-02
7.124781880845529880e-01,-3.925937098093337102e-02,-2.748580398858613272e-01,-6.621193486937168027e-01
-2.382461309543009442e-01,-1.413106417837314943e+00,-1.085604127501748062e+00,-1.041786136363677118e+00
1.692071486337793085e-01,1.897151368284635542e-01,-2.267315597990734732e-01,7.616311050686346285e-01
1.391566987398020094e+00,-2.224389772284513511e-01,-1.934132274312974631e-01,3.819643173986742579e-01
-1.121061570061808066e+00,-1.138337008466039135e+00,-1.107816349080265494e+00,9.514644989036148415e-01
1.357612547432346606e+00,1.151408069627930297e+00,-1.489887842742623203e-01,-2.824525610237564321e-01
-4.419727707483410706e-01,-1.153601975653331779e+00,-9.190124656628673172e-01,-1.041786136363677118e+00
-3.740638908169943710e-01,-1.367311516275435901e+00,8.986876668458103623e-01,-8.519527425286970157e-01
-3.061550108856476160e-01,4.492195790124460797e-01,1.739050049899720785e+00,-5.672026517762267517e-01
1.018068147775613053e+00,-1.461141412919857163e-01,-1.055987832063724818e+00,-2.824525610237564321e-01
-1.703372510229542169e-01,-1.308491741046923507e-01,1.624286905077380938e+00,-1.041786136363677118e+00
6.785237481188796105e-01,1.258262839938982580e+00,-7.376126561049747288e-01,-3.773692579412465387e-01
-3.401094508513209935e-01,-6.956529600345380260e-01,1.302209692188877721e+00,2.297529728713852259e-03
-6.456994105423812247e-01,-1.748935695957764214e+00,-7.413146930347277452e-01,-4.722859548587366452e-01
-5.098816506796877146e-01,8.919036274439476886e-01,-4.118334062867188283e-01,2.185381558830985949e+00
-2.382461309543009442e-01,-1.214661844402504798e+00,-1.045643411172273857e-01,-4.722859548587366452e-01
1.493430307295040116e+00,8.919036274439476886e-01,-1.052285795133971913e+00,1.900631468078515685e+00
-7.475627304394012462e-01,2.049801040157568921e-01,-5.414046988280707406e-01,-1.041786136363677118e+00
2.240427986539853755e+00,5.560743493234984181e-01,-2.970702614643787598e-01,8.565478019861246795e-01
-1.256879329924501576e+00,-6.345930912853656736e-01,-5.377026618983178352e-01,-6.621193486937168027e-01
9.841137078099397861e-01,1.670416953995896403e+00,-2.230295228693205678e-01,-7.570360456112069647e-01
2.070655786711486979e+00,3.576297758886881617e-01,-1.004159315047184142e+00,2.659965043418436537e+00
7.464326280502263655e-01,1.639887019621310671e+00,-1.571545480315772458e-02,-7.570360456112069647e-01
-2.042916909886275945e-01,3.576297758886881617e-01,-6.487637697909049983e-01,3.819643173986742579e-01
-3.061550108856476160e-01,6.018692508853773493e-01,2.915536103663337042e-01,-6.621193486937168027e-01
2.371160285651260080e-01,-2.834988459776236480e-01,1.064517638786881409e-01,2.297529728713852259e-03
-1.121061570061808066e+00,-4.361485178505549176e-01,2.919999830490898507e+00,2.297529728713852259e-03
-2.042916909886275945e-01,9.071685946312399995e-01,-6.450617328611520929e-01,8.565478019861246795e-01
3.338938877108589554e-02,-1.016217270967693986e+00,-8.375676532083032866e-01,4.768810143161643644e-01
8.143415079815730095e-01,-4.666784522251410938e-01,9.320059992135869553e-01,2.754881740335926477e+00
-6.117449705767078472e-01,-1.260456745964383618e+00,8.542632236887753860e-01,-5.672026517762267517e-01
-1.053152690130461311e+00,4.186896446378605141e-01,-1.237387641621617407e+00,-9.468694394461870667e-01
-5.777905306110344696e-01,5.866042836980851494e-01,-8.782900594355852464e-01,-5.672026517762267517e-01
1.493430307295040116e+00,8.155787915074820260e-01,8.024347066722350430e-01,-7.570360456112069647e-01
-3.451949116026081094e-02,2.036776166490932294e+00,-1.281812084778652272e+00,-7.570360456112069647e-01
8.143415079815730095e-01,1.853596560243414348e+00,7.765204481639647049e-01,-9.468694394461870667e-01
5.427059882561862114e-01,2.189425838363863619e+00,-7.302085822454689179e-01,1.331131286573575156e+00
-1.324788209855848331e+00,-9.856873365931078101e-01,5.469941585192842348e-01,-9.468694394461870667e-01
1.352527086681059587e-01,4.797495133870328110e-01,-1.526908212040154478e-01,-2.824525610237564321e-01
-1.494560409684215108e+00,-3.292937475395031344e-01,-5.265965511090591189e-01,-8.519527425286970157e-01
1.799020266986100181e+00,1.792536691494241996e+00,1.619823178249818196e-01,-5.672026517762267517e-01
2.138564666642833956e+00,6.171342180726707705e-01,5.581002693085429511e-01,1.805714771161025745e+00
2.070655786711486979e+00,1.868861527430707659e+00,9.283039622838336058e-01,-8.519527425286970157e-01
1.561339187226386871e+00,-1.613791084792784991e-01,1.465099317098005338e+00,2.297529728713852259e-03
-4.759272107140143926e-01,-2.054235039703626864e+00,5.432921215895316625e-01,-4.722859548587366452e-01
-9.173349302677680228e-01,-4.056185834759687969e-01,-9.005022810141026790e-01,-1.041786136363677118e+00
-9.173349302677680228e-01,1.897151368284635542e-01,3.981509914313594717e-02,-9.468694394461870667e-01
7.124781880845529880e-01,-9.551574022185210788e-01,-1.230745257659919545e-01,-9.468694394461870667e-01
3.338938877108589554e-02,-7.261828944091242022e-01,3.267991301887672062e+00,9.721422664620395226e-02
9.501592678442664086e-01,9.682284633804133511e-01,-3.933232216379544677e-01,-2.824525610237564321e-01
1.352527086681059587e-01,-1.003192397301062161e-01,-6.561678436504108092e-01,8.565478019861246795e-01
2.031615885994526582e-01,5.408093821362051079e-01,-5.673189573363410787e-01,1.921309235636940449e-01
-2.382461309543009442e-01,-2.682338787903302824e-01,-1.081902090571995156e+00,-8.519527425286970157e-01
-4.080183307826676931e-01,-1.003192397301062161e-01,-2.045193382205559851e-01,9.514644989036148415e-01
3.729337884278194348e-01,-5.887981897234861872e-01,-5.599148834768352678e-01,-4.722859548587366452e-01
-9.512893702334414003e-01,-1.138337008466039135e+00,-6.894861760181869581e-01,-7.570360456112069647e-01
-1.087107130096134799e+00,6.018692508853773493e-01,-7.302085822454689179e-01,-6.621193486937168027e-01
-1.703372510229542169e-01,2.660399727649291890e-01,3.989126813291677398e-01,-1.041786136363677118e+00
-2.382461309543009442e-01,-2.682338787903302824e-01,4.507411983457089155e-01,-1.875358641062663534e-01
-1.363828110572808672e-01,-4.819434194124344040e-01,-1.270705973989393556e+00,-6.621193486937168027e-01
2.478109066299567509e+00,-1.461141412919857163e-01,-5.043843295305415753e-01,1.921309235636940449e-01
-7.815171704050746238e-01,3.706546495553227072e-02,6.543532294821186035e-01,-7.570360456112069647e-01
8.143415079815730095e-01,8.286036651741122971e-02,-8.708859855760794355e-01,2.944715134170906801e+00
1.692071486337793085e-01,2.180049776823892588e-02,-7.746330254025037831e-01,2.870476204811841514e-01
-7.475627304394012462e-01,2.660399727649291890e-01,2.079637447436988307e+00,1.046381195821104892e+00
3.389793484621460573e-01,1.242997872751689270e+00,2.464649288131290472e+00,-7.570360456112069647e-01
-5.438360906453610921e-01,-1.031482238154986630e+00,-1.322534491005934232e+00,-1.041786136363677118e+00
9.501592678442664086e-01,-6.651230256599518498e-01,-7.228045083859632181e-01,-3.773692579412465387e-01
-5.777905306110344696e-01,2.097836035240104646e+00,2.594220580672641940e+00,5.717977112336544154e-01
-3.401094508513209935e-01,-1.016217270967693986e+00,-1.137432644518288738e+00,-1.041786136363677118e+00
1.352527086681059587e-01,-1.352046549088142591e+00,-6.709759913694224309e-01,7.616311050686346285e-01
-1.596423729581235129e+00,2.049801040157568921e-01,-4.903378717093372086e-02,-1.041786136363677118e+00
-6.117449705767078472e-01,1.319322708688154933e+00,8.949856299160579010e-01,-6.621193486937168027e-01
-4.080183307826676931e-01,-8.177726975328831749e-01,-5.154904403198001805e-01,-2.824525610237564321e-01
-4.759272107140143926e-01,-6.193281240980723634e-01,6.943139458115903107e-02,-8.519527425286970157e-01
-1.363828110572808672e-01,-1.062012172529573473e+00,1.143022104209503009e+00,2.375214952665966273e+00
-3.401094508513209935e-01,-1.000952303780400676e+00,1.650201163585650610e+00,-9.468694394461870667e-01
9.501592678442664086e-01,9.224335618185333097e-01,-3.748130369891899405e-01,-3.773692579412465387e-01
3.729337884278194348e-01,6.171342180726707705e-01,-5.747230311958466675e-01,6.667144081511445775e-01
5.087515482905128339e-01,8.286036651741122971e-02,-6.413596959313990764e-01,4.768810143161643644e-01
1.459475867329366849e+00,-2.224389772284513511e-01,-1.000457278117431015e+00,1.426047983491065319e+00
-3.401094508513209935e-01,-7.414478615964175123e-01,-6.524658067206579037e-01,1.900631468078515685e+00
6.106148681875328554e-01,-8.940975334693488374e-01,7.839245220234705158e-01,1.805714771161025745e+00
3.338938877108589554e-02,2.097836035240104646e+00,1.379952467713688513e+00,-2.824525610237564321e-01
-7.475627304394012462e-01,-1.687875827208591417e+00,-3.526008154106722303e-01,-5.672026517762267517e-01
-3.401094508513209935e-01,6.476641524472573908e-01,-6.376576590016461710e-01,9.721422664620395226e-02
-1.358742649821521598e+00,7.697838899456019846e-01,-4.609344013898990927e-03,-1.041786136363677118e+00
-3.740638908169943710e-01,7.239889883837230533e-01,1.191148584296290336e+00,-6.621193486937168027e-01
3.389793484621460573e-01,1.746741789932362066e+00,2.919999830490898507e+00,-9.261916718877624688e-02
3.389793484621460573e-01,1.319322708688154933e+00,6.580552664118715089e-01,-7.570360456112069647e-01
1.119931467672633296e+00,5.560743493234984181e-01,9.505161838623514825e-01,-3.773692579412465387e-01
9.501592678442664086e-01,-5.887981897234861872e-01,-3.637069261999310021e-01,-2.824525610237564321e-01
2.710704685307993578e-01,-1.766440756665718648e-01,3.137658319448511923e-01,-7.570360456112069647e-01
-2.042916909886275945e-01,-1.260456745964383618e+00,1.498417649465781487e+00,2.470131649583456213e+00
8.822503879129197646e-01,-3.925937098093337102e-02,-4.903378717093372086e-02,-6.621193486937168027e-01
-1.392697089787194864e+00,6.018692508853773493e-01,-1.033775610485207386e+00,2.870476204811841514e-01
-1.024283710916075174e-01,3.212178639912502742e+00,-8.375676532083032866e-01,-3.773692579412465387e-01
1.085977027706959808e+00,-1.657345892834005241e+00,-8.449717270678090975e-01,4.768810143161643644e-01
6.734382873675924530e-02,1.197202971189810228e+00,-8.153554316297858540e-01,-2.824525610237564321e-01
1.459475867329366849e+00,-9.704223694058143890e-01,-4.044293324272130175e-01,1.426047983491065319e+00
6.445693081532062330e-01,-1.077277139716866117e+00,-1.081902090571995156e+00,-1.041786136363677118e+00
3.389793484621460573e-01,-2.071740100411580132e-01,3.538239997759633937e+00,-6.621193486937168027e-01
2.031615885994526582e-01,1.591852024538768784e-01,1.627988942007133399e+00,-1.875358641062663534e-01
-1.290833769890174842e+00,-8.635675990947626612e-01,-4.525558125140008436e-01,8.565478019861246795e-01
-4.080183307826676931e-01,1.151408069627930297e+00,6.284389709738482654e-01,-9.468694394461870667e-01
1.255749227535326584e+00,-8.025077303455897537e-01,-8.311380943651901568e-03,-4.722859548587366452e-01
-1.703372510229542169e-01,-3.598236819140893106e-01,7.061817464986593906e-01,-6.621193486937168027e-01
-3.061550108856476160e-01,6.171342180726707705e-01,2.560902248304866458e+00,1.046381195821104892e+00
-2.042916909886275945e-01,3.423648087013948516e-01,-4.451517386544950328e-01,-5.672026517762267517e-01
-6.456994105423812247e-01,-1.916850335017988405e+00,-5.599148834768352678e-01,-1.875358641062663534e-01
2.172519106608507222e+00,-2.071740100411580132e-01,-3.340906307619078697e-01,-2.824525610237564321e-01
-1.024283710916075174e-01,9.529634961931200410e-01,-1.055987832063724818e+00,-3.773692579412465387e-01
2.579972386196587308e+00,-1.275721713151676928e+00,-1.133730607588535833e+00,2.565048346500946597e+00
3.729337884278194348e-01,-6.651230256599518498e-01,3.396800904531215859e-01,-9.261916718877624688e-02
-2.042916909886275945e-01,-3.925937098093337102e-02,-8.819920963653382628e-01,-6.621193486937168027e-01
2.031615885994526582e-01,-6.803879928472451599e-01,-6.709759913694224309e-01,3.819643173986742579e-01
-2.042916909886275945e-01,5.866042836980851494e-01,-1.063391905923230629e+00,-1.041786136363677118e+00
1.323658107466673339e+00,-9.551574022185210788e-01,-1.155942829167053487e+00,-7.570360456112069647e-01
1.352527086681059587e-01,4.950144805743261212e-01,9.505161838623514825e-01,-1.875358641062663534e-01
2.070655786711486979e+00,4.950144805743261212e-01,-8.708859855760794355e-01,4.768810143161643644e-01
-5.438360906453610921e-01,2.082571068052811114e+00,-1.141134681448041643e+00,-8.519527425286970157e-01
-4.419727707483410706e-01,-1.613791084792784991e-01,-1.159644866096806393e+00,4.768810143161643644e-01
-5.650511945874597602e-04,-1.336781581900849281e+00,3.852913136788630677e+00,1.331131286573575156e+00
-1.053152690130461311e+00,1.286552680792912573e-01,-9.967552411876782203e-01,-6.621193486937168027e-01
-4.080183307826676931e-01,-1.260456745964383618e+00,-1.104114312150512589e+00,1.141297892738595054e+00
-7.815171704050746238e-01,-1.214661844402504798e+00,-6.487637697909049983e-01,-9.468694394461870667e-01
1.595293627192060137e+00,2.448930280547846117e+00,-6.524658067206579037e-01,-5.672026517762267517e-01
-1.024283710916075174e-01,-1.003192397301062161e-01,-3.414947046214137361e-01,1.141297892738595054e+00
1.153885907638306563e+00,3.576297758886881617e-01,1.694625606742685919e+00,9.721422664620395226e-02
2.036701346745813712e+00,1.227732905564395960e+00,-3.859191477784484348e-01,8.565478019861246795e-01
4.068882283934927568e-01,-9.093625006566421476e-01,1.360680593167116481e-01,-9.468694394461870667e-01
-7.815171704050746238e-01,-9.093625006566421476e-01,8.801774821970458351e-01,3.819643173986742579e-01
-4.007188967144043268e+00,2.180049776823892588e-02,-1.712010058527798084e-01,-9.468694394461870667e-01
1.352527086681059587e-01,4.339546118251538243e-01,-5.377026618983178352e-01,9.721422664620395226e-02
-7.815171704050746238e-01,7.545189227583086744e-01,1.841945394034992800e-01,2.375214952665966273e+00
2.710704685307993578e-01,1.014023364942292282e+00,-3.192824830428962479e-01,1.615881377326045421e+00
7.124781880845529880e-01,-4.819434194124344040e-01,8.098387805317408539e-01,-9.468694394461870667e-01
-6.847393112593416764e-02,-1.275721713151676928e+00,-9.190124656628673172e-01,-8.519527425286970157e-01
-6.456994105423812247e-01,-1.535226155335660092e+00,-5.784250681255997950e-01,-5.672026517762267517e-01
-8.833804903020946453e-01,1.578827150872138541e+00,-7.339106191752219344e-01,-2.824525610237564321e-01
6.445693081532062330e-01,-1.003192397301062161e-01,-6.783800652289282418e-01,-1.875358641062663534e-01
-1.935968129237968682e+00,3.881597102632737828e-01,-7.116983975967043907e-01,1.331131286573575156e+00
-9.512893702334414003e-01,-7.109179272218313361e-01,5.358880477300254075e-01,-7.570360456112069647e-01
-9.512893702334414003e-01,1.655151986808604203e+00,4.581452722052143378e-01,-1.041786136363677118e+00
1.595293627192060137e+00,-2.224389772284513511e-01,-4.932782187412828590e-01,1.615881377326045421e+00
2.371160285651260080e-01,2.202450712030491753e-01,1.950066154895636839e+00,-3.773692579412465387e-01
2.647881266127934285e+00,7.087240211964297432e-01,1.627988942007133399e+00,-2.824525610237564321e-01
2.410200186368220532e+00,-1.003192397301062161e-01,5.469941585192842348e-01,-2.824525610237564321e-01
1.357612547432346606e+00,-3.140287803522097687e-01,-8.449717270678090975e-01,2.944715134170906801e+00
9.841137078099397861e-01,4.644845461997394453e-01,-1.860091535717914302e-01,-1.875358641062663534e-01
-6.456994105423812247e-01,3.270998415141014859e-01,2.360230564200400394e-01,-1.875358641062663534e-01
2.031615885994526582e-01,-6.498580584726585396e-01,-2.489437813775909336e-01,-2.824525610237564321e-01
-5.777905306110344696e-01,-1.657345892834005241e+00,-6.783800652289282418e-01,-1.041786136363677118e+00
-1.256879329924501576e+00,-6.651230256599518498e-01,-4.784700710222712372e-01,-9.468694394461870667e-01
5.087515482905128339e-01,1.439202352665835127e-01,-7.450167299644806507e-01,1.236214589656085217e+00
-1.155016010027481554e+00,6.018692508853773493e-01,4.063167551886739393e-01,-1.041786136363677118e+00
-4.419727707483410706e-01,4.644845461997394453e-01,-7.783350623322567996e-01,-6.621193486937168027e-01
1.352527086681059587e-01,6.629291196345508119e-01,1.409568763151711757e+00,-3.773692579412465387e-01
-6.796538505080544912e-01,-1.016217270967693986e+00,-5.043843295305415753e-01,-9.468694394461870667e-01
-1.053152690130461311e+00,8.155787915074820260e-01,2.730434257175691770e-01,-9.468694394461870667e-01
1.289703667501000073e+00,2.509990149297018469e+00,-7.302085822454689179e-01,2.297529728713852259e-03
-8.494260503364212678e-01,1.762006757119655376e+00,2.168486333751057593e+00,2.870476204811841514e-01
-3.740638908169943710e-01,-1.613791084792784991e-01,1.428078947800476284e+00,-7.570360456112069647e-01
-4.419727707483410706e-01,-1.809995564706936566e+00,-7.376126561049747288e-01,-9.468694394461870667e-01
-3.061550108856476160e-01,-9.856873365931078101e-01,1.894535600949343035e+00,-1.041786136363677118e+00
-9.512893702334414003e-01,-1.031482238154986630e+00,3.082889455400026346e+00,-6.621193486937168027e-01
2.371160285651260080e-01,-1.153601975653331779e+00,-7.931432100512684213e-01,-6.621193486937168027e-01
3.338938877108589554e-02,-1.458901319399194429e+00,-8.523758009273150194e-01,-7.570360456112069647e-01
-6.847393112593416764e-02,6.759539933011787793e-02,8.320510021102583975e-01,2.870476204811841514e-01
-4.419727707483410706e-01,1.746741789932362066e+00,-7.265065453157161235e-01,1.236214589656085217e+00
8.822503879129197646e-01,2.180049776823892588e-02,6.202732072165341448e-02,2.470131649583456213e+00
-6.117449705767078472e-01,-3.925937098093337102e-02,1.901939674808848846e+00,-3.773692579412465387e-01
-6.117449705767078472e-01,2.180049776823892588e-02,3.241102528363012242e-02,9.514644989036148415e-01
1.629248067157733404e+00,2.113101002427398178e+00,-3.526008154106722303e-01,-4.722859548587366452e-01
-6.847393112593416764e-02,-1.489431253773780606e+00,1.027497269489352355e-01,4.768810143161643644e-01
1.357612547432346606e+00,1.591852024538768784e-01,1.361442283064923764e+00,-9.261916718877624688e-02
-7.475627304394012462e-01,-1.092542106904159649e+00,1.883429490160084319e+00,6.667144081511445775e-01
4.408426683591661344e-01,3.728947430759804726e-01,-8.856941332950910573e-01,-9.468694394461870667e-01
-1.222924889958828087e+00,-1.642080925646711931e+00,-1.712010058527798084e-01,-6.621193486937168027e-01
2.546017946230914042e+00,4.644845461997394453e-01,-7.191024714562102016e-01,-6.621193486937168027e-01
-7.815171704050746238e-01,2.180049776823892588e-02,-1.015265425836442859e+00,-9.261916718877624688e-02
6.445693081532062330e-01,-1.168866942840625311e+00,-1.052285795133971913e+00,2.185381558830985949e+00
6.106148681875328554e-01,4.797495133870328110e-01,-5.525108096173292349e-01,2.870476204811841514e-01
-1.562469289615561641e+00,-3.925937098093337102e-02,-5.747230311958466675e-01,5.717977112336544154e-01
1.697156947089080159e+00,1.591852024538768784e-01,-1.111518386010018400e+00,8.565478019861246795e-01
1.692071486337793085e-01,1.563562183684845230e+00,3.137658319448511923e-01,-5.672026517762267517e-01
-1.024283710916075174e-01,-4.514134850378482833e-01,-2.193274859395676346e-01,1.331131286573575156e+00
-5.777905306110344696e-01,-1.519961188148367226e+00,-3.674089631296839076e-01,-6.621193486937168027e-01
-5.438360906453610921e-01,5.866042836980851494e-01,8.838795191267990736e-01,-3.773692579412465387e-01
-2.042916909886275945e-01,3.881597102632737828e-01,3.433821273828744913e-01,-6.621193486937168027e-01
8.482959479472463871e-01,1.609357085246724051e+00,2.372098364887467614e+00,-9.468694394461870667e-01
8.482959479472463871e-01,-8.635675990947626612e-01,-6.635719175099166200e-01,-1.041786136363677118e+00
6.785237481188796105e-01,4.186896446378605141e-01,3.655943489613919239e-01,-1.041786136363677118e+00
-7.136082904737278687e-01,-7.109179272218313361e-01,2.442437066552773040e+00,-9.468694394461870667e-01
8.822503879129197646e-01,1.014023364942292282e+00,4.396350875564497551e-01,4.768810143161643644e-01
-1.188970449993154821e+00,-2.084764974078213040e+00,6.987776726391535798e-01,-4.722859548587366452e-01
3.729337884278194348e-01,-8.330376647201764850e-01,-8.005472839107743432e-01,-3.773692579412465387e-01
3.338938877108589554e-02,2.052041133678224494e+00,2.656393518580633106e-01,-5.672026517762267517e-01
-8.154716103707480013e-01,-8.940975334693488374e-01,4.655493460647205373e-01,-1.041786136363677118e+00
-5.438360906453610921e-01,1.334587675875448243e+00,2.249169456307812953e-01,-1.041786136363677118e+00
-1.024283710916075174e-01,-1.613791084792784991e-01,-5.273582410068663323e-02,-1.041786136363677118e+00
1.119931467672633296e+00,1.685681921183189713e+00,2.989576842258395151e-01,3.819643173986742579e-01
2.240427986539853755e+00,7.850488571328954057e-01,-6.339556220718932655e-01,-9.261916718877624688e-02
2.138564666642833956e+00,3.423648087013948516e-01,-3.970252585677073731e-01,5.717977112336544154e-01
5.766604282218595889e-01,1.334587675875448243e+00,-5.599148834768352678e-01,-5.672026517762267517e-01
-7.815171704050746238e-01,4.797495133870328110e-01,-7.487187668942334451e-01,1.046381195821104892e+00
-6.456994105423812247e-01,-1.474166286586487740e+00,-1.211473383113347069e+00,-8.519527425286970157e-01
-9.852438101991146668e-01,-2.224389772284513511e-01,4.285289767671914274e-01,5.717977112336544154e-01
-1.290833769890174842e+00,-2.834988459776236480e-01,3.396800904531215859e-01,-9.468694394461870667e-01
7.124781880845529880e-01,-9.551574022185210788e-01,-9.930532042579255370e-01,-2.824525610237564321e-01
-9.512893702334414003e-01,-1.123072041278745825e+00,2.601624654532147751e+00,3.819643173986742579e-01
7.464326280502263655e-01,8.461087258820676471e-01,-7.079963606669514853e-01,8.565478019861246795e-01
9.841137078099397861e-01,-2.987638131649170137e-01,-4.609344013898990927e-03,-3.773692579412465387e-01
-7.136082904737278687e-01,-2.084764974078213040e+00,-1.067093942852983535e+00,-1.041786136363677118e+00
-3.740638908169943710e-01,7.545189227583086744e-01,1.080087476403702951e+00,-9.261916718877624688e-02
2.410200186368220532e+00,3.728947430759804726e-01,-9.073070841460792024e-04,8.565478019861246795e-01
-1.188970449993154821e+00,5.233043214282561556e-02,2.286189825605344228e-01,-9.468694394461870667e-01
-3.451949116026081094e-02,2.049801040157568921e-01,-7.598248776834921614e-01,-7.570360456112069647e-01
-3.401094508513209935e-01,-2.071740100411580132e-01,1.924151896387366056e+00,9.721422664620395226e-02
-3.451949116026081094e-02,-3.292937475395031344e-01,-2.045193382205559851e-01,-1.875358641062663534e-01
-6.117449705767078472e-01,-1.000952303780400676e+00,8.246469282507521426e-01,-3.773692579412465387e-01
-7.815171704050746238e-01,7.087240211964297432e-01,-3.896211847082013402e-01,-5.672026517762267517e-01
-4.759272107140143926e-01,2.660399727649291890e-01,2.767454626473220825e-01,-9.468694394461870667e-01
6.734382873675924530e-02,-2.071740100411580132e-01,-5.562128465470823624e-01,-5.672026517762267517e-01
-1.222924889958828087e+00,-1.626815958459419065e+00,-7.494804567920430871e-02,-8.519527425286970157e-01
5.427059882561862114e-01,-4.514134850378482833e-01,3.952106443994152229e-01,-8.519527425286970157e-01
-9.173349302677680228e-01,1.227732905564395960e+00,-2.008173012908030797e-01,-6.621193486937168027e-01
-6.117449705767078472e-01,9.071685946312399995e-01,2.323210194902871339e-01,-7.570360456112069647e-01
5.766604282218595889e-01,-7.872427631582969987e-01,9.320059992135869553e-01,2.849798437253416861e+00
-1.087107130096134799e+00,-2.529689116030374718e-01,-2.637519290966025554e-01,-7.570360456112069647e-01
6.734382873675924530e-02,-1.687875827208591417e+00,1.102299697982220383e+00,1.520964680408555481e+00
-1.596423729581235129e+00,-1.535226155335660092e+00,-7.124600874945119511e-02,-5.672026517762267517e-01
-1.494560409684215108e+00,5.255444149489116867e-01,9.986426639491389201e-01,6.667144081511445775e-01
-1.019198250164788044e+00,-6.498580584726585396e-01,-6.561678436504108092e-01,4.768810143161643644e-01
2.031615885994526582e-01,-1.535226155335660092e+00,6.202732072165341448e-02,-1.041786136363677118e+00
-1.494560409684215108e+00,-6.193281240980723634e-01,-6.154454374231289604e-01,-9.468694394461870667e-01
-7.136082904737278687e-01,7.545189227583086744e-01,6.099287863250836272e-01,-6.621193486937168027e-01
6.734382873675924530e-02,-2.834988459776236480e-01,-9.338206133818789390e-01,5.717977112336544154e-01
1.221794787569653318e+00,2.174160871176570087e+00,5.025697153622497027e-01,-4.722859548587366452e-01
8.822503879129197646e-01,1.441442446186499415e+00,6.358430448333540763e-01,-3.773692579412465387e-01
6.445693081532062330e-01,2.049801040157568921e-01,-9.819470934686665986e-01,-9.468694394461870667e-01
3.338938877108589554e-02,1.059818266504171325e+00,-6.524658067206579037e-01,-9.468694394461870667e-01
6.106148681875328554e-01,-2.987638131649170137e-01,-8.338656162785503811e-01,1.710798074243535583e+00
-1.363828110572808672e-01,-4.514134850378482833e-01,-1.144836718377794771e+00,-7.570360456112069647e-01
6.445693081532062330e-01,-6.956529600345380260e-01,-7.561228407537392560e-01,2.565048346500946597e+00
-4.419727707483410706e-01,2.813049399522225547e-01,1.020854885527656464e+00,-2.824525610237564321e-01
-1.363828110572808672e-01,-1.229926811589797442e+00,1.138558377381941739e-01,-9.261916718877624688e-02
2.710704685307993578e-01,-9.093625006566421476e-01,-1.011563388906689953e+00,6.667144081511445775e-01
4.747971083248395119e-01,-5.887981897234861872e-01,-6.013989796019265921e-02,2.944715134170906801e+00
1.357612547432346606e+00,5.560743493234984181e-01,-3.377926676916608306e-01,2.870476204811841514e-01
1.692071486337793085e-01,5.102794477616194868e-01,-8.819920963653382628e-01,-2.824525610237564321e-01
-1.121061570061808066e+00,-6.193281240980723634e-01,-4.784700710222712372e-01,-3.773692579412465387e-01
-1.155016010027481554e+00,9.682284633804133511e-01,-7.487187668942334451e-01,-8.519527425286970157e-01
5.766604282218595889e-01,1.594092118059430740e+00,-2.600498921668496499e-01,-7.570360456112069647e-01
-6.456994105423812247e-01,-9.551574022185210788e-01,-5.228945141793062135e-01,-3.773692579412465387e-01
-1.188970449993154821e+00,7.545189227583086744e-01,7.172878572879181069e-01,-7.570360456112069647e-01
-9.852438101991146668e-01,2.507750055776358789e-01,-5.302985880388120243e-01,9.514644989036148415e-01
-6.456994105423812247e-01,1.439202352665835127e-01,-1.074498016712489346e+00,9.721422664620395226e-02
2.371160285651260080e-01,-4.514134850378482833e-01,2.623836876110666072e+00,1.236214589656085217e+00
1.629248067157733404e+00,-8.025077303455897537e-01,-4.858741448817770481e-01,3.229465224923377065e+00
-2.722005709199742940e-01,-8.940975334693488374e-01,-5.302985880388120243e-01,-1.875358641062663534e-01
-1.256879329924501576e+00,-2.682338787903302824e-01,4.137208290481798056e-01,-6.621193486937168027e-01
2.613926826162260575e+00,-1.031482238154986630e+00,-1.007861351976937048e+00,2.185381558830985949e+00
1.221794787569653318e+00,-3.903536162886754313e-01,1.494715612536029026e+00,6.667144081511445775e-01
-3.451949116026081094e-02,-1.016217270967693986e+00,-4.525558125140008436e-01,-1.041786136363677118e+00
-1.155016010027481554e+00,8.155787915074820260e-01,-6.228495112826345492e-01,-3.773692579412465387e-01
-8.154716103707480013e-01,2.202450712030491753e-01,1.120809882630985133e+00,8.565478019861246795e-01
-7.475627304394012462e-01,8.308437586947743370e-01,-7.302085822454689179e-01,7.616311050686346285e-01
-1.460605969718541619e+00,2.202450712030491753e-01,-6.376576590016461710e-01,5.717977112336544154e-01
2.104610226677160245e+00,7.087240211964297432e-01,-4.488537755842479382e-01,2.870476204811841514e-01
4.068882283934927568e-01,-4.972083865997272145e-01,9.505161838623514825e-01,-1.041786136363677118e+00
-1.155016010027481554e+00,-2.224389772284513511e-01,1.972278376474153827e+00,-1.041786136363677118e+00
6.734382873675924530e-02,-1.046747205342280163e+00,-9.716026725772176909e-02,3.039631831088396741e+00
-1.155016010027481554e+00,-3.292937475395031344e-01,-5.117884033900473861e-01,1.331131286573575156e+00
7.124781880845529880e-01,-1.489431253773780606e+00,-8.449717270678090975e-01,-1.041786136363677118e+00
-9.173349302677680228e-01,-1.168866942840625311e+00,-8.708859855760794355e-01,2.470131649583456213e+00
-9.173349302677680228e-01,-6.956529600345380260e-01,3.322760165936157195e-01,-9.468694394461870667e-01
-6.456994105423812247e-01,-9.551574022185210788e-01,-1.041179684344713197e+00,-7.570360456112069647e-01
1.527384747260713382e+00,-3.925937098093337102e-02,-6.191474743528816438e-01,-3.773692579412465387e-01
9.162048278785931421e-01,-2.377039444157441617e-01,1.242977101312830790e+00,1.995548164996005847e+00
2.371160285651260080e-01,8.766386602566543784e-01,-4.858741448817770481e-01,1.805714771161025745e+00
-1.698287049478255151e+00,-1.046747205342280163e+00,-9.190124656628673172e-01,-6.621193486937168027e-01
2.031615885994526582e-01,2.049801040157568921e-01,-4.821721079520241426e-01,-5.672026517762267517e-01
4.068882283934927568e-01,3.576297758886881617e-01,8.024347066722350430e-01,1.236214589656085217e+00
2.371160285651260080e-01,-3.925937098093337102e-02,-1.052285795133971913e+00,-7.570360456112069647e-01
-1.053152690130461311e+00,-1.535226155335660092e+00,3.241102528363012242e-02,-1.041786136363677118e+00
-7.136082904737278687e-01,-2.084764974078213040e+00,-5.043843295305415753e-01,-1.041786136363677118e+00
-6.847393112593416764e-02,-8.483026319074693511e-01,-1.215175420043099974e+00,-7.570360456112069647e-01
-3.451949116026081094e-02,-1.613791084792784991e-01,2.138108348415225790e-01,-9.468694394461870667e-01
-2.382461309543009442e-01,-1.107807074091452293e+00,8.320510021102583975e-01,-9.261916718877624688e-02
1.352527086681059587e-01,-3.140287803522097687e-01,1.043067107106174340e+00,-9.468694394461870667e-01
-3.740638908169943710e-01,2.052041133678224494e+00,9.283039622838336058e-01,-7.570360456112069647e-01
-1.087107130096134799e+00,1.441442446186499415e+00,1.783474493056755650e+00,-2.824525610237564321e-01
-9.173349302677680228e-01,-3.140287803522097687e-01,2.434271302795458780e-01,-9.261916718877624688e-02
-1.392697089787194864e+00,2.202450712030491753e-01,3.019954827594226288e+00,-7.570360456112069647e-01
4.747971083248395119e-01,1.591852024538768784e-01,-4.932782187412828590e-01,-8.519527425286970157e-01
-4.419727707483410706e-01,-3.445587147267959449e-01,-8.819920963653382628e-01,1.331131286573575156e+00
3.050249084964727353e-01,6.781940868218430118e-01,1.365144319994677113e+00,-8.519527425286970157e-01
3.729337884278194348e-01,6.934590540091363220e-01,1.972278376474153827e+00,2.297529728713852259e-03
-6.117449705767078472e-01,1.151408069627930297e+00,8.357530390400108589e-01,1.046381195821104892e+00
3.389793484621460573e-01,8.286036651741122971e-02,4.211249029076851724e-01,-4.722859548587366452e-01
-9.512893702334414003e-01,4.644845461997394453e-01,1.442887095519487906e+00,2.280298255748476333e+00
-1.155016010027481554e+00,1.166673036815223607e+00,-1.022669499695948669e+00,-6.621193486937168027e-01
-1.019198250164788044e+00,2.180049776823892588e-02,-2.600498921668496499e-01,-2.824525610237564321e-01
2.308336866471200732e+00,4.034246774505671485e-01,-4.533175024118101665e-02,4.768810143161643644e-01
2.342291306436873999e+00,1.792536691494241996e+00,2.216612813837846030e+00,1.995548164996005847e+00
4.408426683591661344e-01,1.897151368284635542e-01,-1.018967462766195764e+00,-3.773692579412465387e-01
1.561339187226386871e+00,1.439202352665835127e-01,-3.488987784809193249e-01,1.710798074243535583e+00
-6.847393112593416764e-02,-6.803879928472451599e-01,-8.560778378570679248e-01,-1.041786136363677118e+00
-1.155016010027481554e+00,6.535530580945580169e-03,5.766104539573074783e-01,-6.621193486937168027e-01
-1.363828110572808672e-01,-6.193281240980723634e-01,-6.968902498776927690e-01,3.229465224923377065e+00
-1.019198250164788044e+00,-2.987638131649170137e-01,-4.903378717093372086e-02,-8.519527425286970157e-01
-1.155016010027481554e+00,7.697838899456019846e-01,1.323660223869587427e-01,-3.773692579412465387e-01
2.031615885994526582e-01,-9.704223694058143890e-01,-1.015265425836442859e+00,4.768810143161643644e-01
-7.136082904737278687e-01,9.529634961931200410e-01,-8.042493208405271377e-01,-1.875358641062663534e-01
-2.722005709199742940e-01,-6.193281240980723634e-01,-7.339106191752219344e-01,2.470131649583456213e+00
-5.098816506796877146e-01,2.189425838363863619e+00,-1.144836718377794771e+00,9.514644989036148415e-01
-1.121061570061808066e+00,-2.682338787903302824e-01,-5.006822926007886698e-01,2.870476204811841514e-01
2.371160285651260080e-01,2.965699071395148101e-01,-1.163346903026559298e+00,2.090464861913496009e+00
2.715790146059280818e+00,1.441442446186499415e+00,2.471291672092987834e-01,-3.773692579412465387e-01
-1.053152690130461311e+00,8.766386602566543784e-01,-1.267765626957448599e-01,-7.570360456112069647e-01
-6.456994105423812247e-01,-7.567128287837108225e-01,2.286189825605344228e-01,2.297529728713852259e-03
-9.173349302677680228e-01,8.286036651741122971e-02,6.136308232548366437e-01,-4.722859548587366452e-01
-7.815171704050746238e-01,-8.788325662820554163e-01,1.157830251928514187e+00,-9.468694394461870667e-01
-6.456994105423812247e-01,1.029288332129585593e+00,-8.605415646846283073e-02,-1.041786136363677118e+00
-8.833804903020946453e-01,2.180049776823892588e-02,-1.296620232497663894e+00,1.331131286573575156e+00
1.221794787569653318e+00,-8.505427254281286431e-02,-3.600048892701782632e-01,4.768810143161643644e-01
1.012982687024325951e-01,3.728947430759804726e-01,-8.597798747868207192e-01,9.721422664620395226e-02
-1.358742649821521598e+00,9.812533370470456762e-02,-6.117434004933758329e-01,6.667144081511445775e-01
4.068882283934927568e-01,-1.413106417837314943e+00,-6.191474743528816438e-01,-1.041786136363677118e+00
-2.382461309543009442e-01,-3.598236819140893106e-01,-1.941749173291063696e-02,-9.468694394461870667e-01
-6.796538505080544912e-01,4.339546118251538243e-01,-8.782900594355852464e-01,-9.468694394461870667e-01
8.482959479472463871e-01,-2.682338787903302824e-01,1.690923569812933014e+00,-8.519527425286970157e-01
3.338938877108589554e-02,5.560743493234984181e-01,-5.747230311958466675e-01,-6.621193486937168027e-01
-3.401094508513209935e-01,-1.199396877215211266e+00,1.398462652362453040e+00,2.870476204811841514e-01
-5.650511945874597602e-04,1.685681921183189713e+00,9.542182207921040549e-01,-1.041786136363677118e+00
5.087515482905128339e-01,-7.414478615964175123e-01,-7.042943237371985798e-01,3.819643173986742579e-01
1.119931467672633296e+00,1.563562183684845230e+00,-2.378376705883321895e-01,-1.041786136363677118e+00
-3.061550108856476160e-01,-1.046747205342280163e+00,-8.486737639975620029e-01,-4.722859548587366452e-01
-6.117449705767078472e-01,1.044553299316878903e+00,-9.079063548736084899e-01,9.514644989036148415e-01
-8.494260503364212678e-01,-1.428371385024608253e+00,-6.754397181969827579e-02,-9.468694394461870667e-01
8.482959479472463871e-01,4.644845461997394453e-01,-1.133730607588535833e+00,8.565478019861246795e-01
-5.098816506796877146e-01,-1.153601975653331779e+00,-6.894861760181869581e-01,-2.824525610237564321e-01
1.968792466814466957e+00,2.202450712030491753e-01,2.660857245408195126e+00,1.900631468078515685e+00
-2.382461309543009442e-01,2.281015641487621703e+00,1.813090788494779115e+00,1.236214589656085217e+00
-2.042916909886275945e-01,1.151408069627930297e+00,-9.634369088199021824e-01,-7.570360456112069647e-01
4.747971083248395119e-01,3.881597102632737828e-01,-1.230745257659919545e-01,1.141297892738595054e+00
1.692071486337793085e-01,2.660399727649291890e-01,1.102299697982220383e+00,1.921309235636940449e-01
2.376245746402547265e+00,2.180049776823892588e-02,9.134958145648224281e-01,-9.468694394461870667e-01
-1.732241489443928417e+00,2.052041133678224494e+00,-8.930982071545969792e-01,1.331131286573575156e+00
-9.852438101991146668e-01,-6.193281240980723634e-01,4.581452722052143378e-01,-1.041786136363677118e+00
1.866929146917446936e+00,7.545189227583086744e-01,-1.285514121708405177e+00,5.717977112336544154e-01
-3.061550108856476160e-01,-1.336781581900849281e+00,-1.045643411172273857e-01,-5.672026517762267517e-01
-3.401094508513209935e-01,-7.261828944091242022e-01,-1.304785996254977654e-01,-7.570360456112069647e-01
-7.475627304394012462e-01,-1.245191778777090752e+00,-9.079063548736084899e-01,-3.773692579412465387e-01
2.031615885994526582e-01,-6.193281240980723634e-01,-1.241089678551370312e+00,-1.875358641062663534e-01
1.085977027706959808e+00,5.102794477616194868e-01,9.505161838623514825e-01,2.090464861913496009e+00
2.031615885994526582e-01,6.018692508853773493e-01,2.915536103663337042e-01,-1.041786136363677118e+00
-8.833804903020946453e-01,-1.886320400643402229e+00,1.730884286142407580e-01,-6.621193486937168027e-01
1.153885907638306563e+00,1.471972380561086036e+00,-6.117434004933758329e-01,-4.722859548587366452e-01
-2.382461309543009442e-01,-1.199396877215211266e+00,-1.100412275220759684e+00,-8.519527425286970157e-01
-4.080183307826676931e-01,-1.461141412919857163e-01,-5.302985880388120243e-01,-7.570360456112069647e-01
1.900883586883120424e+00,1.591852024538768784e-01,5.840145278168132892e-01,3.819643173986742579e-01
1.697156947089080159e+00,9.682284633804133511e-01,1.302209692188877721e+00,7.616311050686346285e-01
-4.419727707483410706e-01,9.812533370470456762e-02,1.639095052796392116e+00,-5.672026517762267517e-01
6.785237481188796105e-01,6.476641524472573908e-01,4.507411983457089155e-01,1.710798074243535583e+00
-4.080183307826676931e-01,-9.246274678439349026e-01,-8.449717270678090975e-01,-4.722859548587366452e-01
-3.451949116026081094e-02,-4.819434194124344040e-01,-1.030073573555454480e+00,-1.875358641062663534e-01
-1.698287049478255151e+00,-1.794730597519643256e+00,-6.598698805801637146e-01,-8.519527425286970157e-01
-2.042916909886275945e-01,-5.582682553489001220e-01,3.134717972416566134e+00,1.710798074243535583e+00
3.338938877108589554e-02,8.286036651741122971e-02,-1.089306164431500967e+00,-7.570360456112069647e-01
-2.042916909886275945e-01,9.987583977549989722e-01,-7.005922868074455634e-01,-3.773692579412465387e-01
-8.833804903020946453e-01,-1.168866942840625311e+00,4.674765335193777460e+00,-3.773692579412465387e-01
-8.154716103707480013e-01,1.777271724306948686e+00,-3.266865569024018923e-01,-1.041786136363677118e+00
-3.401094508513209935e-01,-1.613791084792784991e-01,-1.026371536625701575e+00,-1.041786136363677118e+00
-9.512893702334414003e-01,8.919036274439476886e-01,-2.711560029561081997e-01,-2.824525610237564321e-01
2.371160285651260080e-01,-1.092542106904159649e+00,-8.486737639975620029e-01,-1.041786136363677118e+00
4.747971083248395119e-01,8.286036651741122971e-02,-1.563928581337683532e-01,-1.041786136363677118e+00
3.389793484621460573e-01,4.186896446378605141e-01,-1.078200053642242251e+00,1.236214589656085217e+00
-8.154716103707480013e-01,-1.092542106904159649e+00,-1.063391905923230629e+00,-1.041786136363677118e+00
-1.363828110572808672e-01,-6.803879928472451599e-01,1.098597661052467478e+00,1.921309235636940449e-01
-5.438360906453610921e-01,4.034246774505671485e-01,-7.302085822454689179e-01,-7.570360456112069647e-01
-2.382461309543009442e-01,-8.635675990947626612e-01,-3.414947046214137361e-01,-8.519527425286970157e-01
3.389793484621460573e-01,-6.651230256599518498e-01,-1.185559124605076731e+00,-9.468694394461870667e-01
-8.833804903020946453e-01,-9.093625006566421476e-01,-9.930532042579255370e-01,-9.261916718877624688e-02
-4.759272107140143926e-01,-1.003192397301062161e-01,1.101538008084412545e-01,5.717977112336544154e-01
-4.759272107140143926e-01,-4.666784522251410938e-01,-1.044881721274466102e+00,1.520964680408555481e+00
-8.154716103707480013e-01,-3.925937098093337102e-02,7.913285958829763267e-01,-8.519527425286970157e-01
-7.136082904737278687e-01,1.380382577437327063e+00,1.613180794288121778e+00,2.297529728713852259e-03
-6.117449705767078472e-01,-1.886320400643402229e+00,-1.059689868993477724e+00,-3.773692579412465387e-01
-5.438360906453610921e-01,-3.903536162886754313e-01,9.616222946516098657e-01,-4.722859548587366452e-01
3.389793484621460573e-01,3.728947430759804726e-01,-4.895761818115299535e-01,-7.570360456112069647e-01
9.841137078099397861e-01,-3.598236819140893106e-01,-9.523307980306432441e-01,1.710798074243535583e+00
-9.512893702334414003e-01,-5.887981897234861872e-01,6.469491556226127926e-01,-9.261916718877624688e-02
-5.098816506796877146e-01,-6.498580584726585396e-01,1.091193587192961667e+00,-4.722859548587366452e-01
1.323658107466673339e+00,1.151408069627930297e+00,-1.115220422939771305e+00,-1.875358641062663534e-01
1.663202507123406892e+00,-1.290986680338970460e+00,4.351713607288885954e-02,9.721422664620395226e-02
2.070655786711486979e+00,9.071685946312399995e-01,7.313343151091214467e-02,-9.468694394461870667e-01
6.106148681875328554e-01,-5.430032881616067009e-01,-6.487637697909049983e-01,9.514644989036148415e-01
-3.740638908169943710e-01,-8.330376647201764850e-01,-1.118922459869524211e+00,-8.519527425286970157e-01
-9.173349302677680228e-01,-1.016217270967693986e+00,-7.450167299644806507e-01,-8.519527425286970157e-01
-3.451949116026081094e-02,2.965699071395148101e-01,1.138558377381941739e-01,-4.722859548587366452e-01
1.692071486337793085e-01,3.423648087013948516e-01,-6.154454374231289604e-01,-3.773692579412465387e-01
6.734382873675924530e-02,-7.719777959710036885e-01,7.313343151091214467e-02,-4.722859548587366452e-01
-4.080183307826676931e-01,3.576297758886881617e-01,-1.085604127501748062e+00,-9.468694394461870667e-01
-5.777905306110344696e-01,-1.535226155335660092e+00,-1.037477647414960291e+00,-9.468694394461870667e-01
6.734382873675924530e-02,1.075083233691464635e+00,2.690473540846217926e+00,8.565478019861246795e-01
-1.290833769890174842e+00,3.576297758886881617e-01,3.171738341714095633e+00,-4.722859548587366452e-01
1.493430307295040116e+00,-6.345930912853656736e-01,-9.375226503116318444e-01,2.090464861913496009e+00
9.162048278785931421e-01,9.224335618185333097e-01,7.469041527259413504e-01,7.616311050686346285e-01
-1.024283710916075174e-01,2.813049399522225547e-01,-7.042943237371985798e-01,7.616311050686346285e-01
-2.042916909886275945e-01,4.492195790124460797e-01,-8.079513577702800431e-01,-7.570360456112069647e-01
9.162048278785931421e-01,9.812533370470456762e-02,-7.413146930347277452e-01,3.609132012593337713e+00
-2.382461309543009442e-01,-6.651230256599518498e-01,-1.089306164431500967e+00,7.616311050686346285e-01
-6.796538505080544912e-01,3.270998415141014859e-01,-1.941749173291063696e-02,1.046381195821104892e+00
1.221794787569653318e+00,-1.461141412919857163e-01,-1.004159315047184142e+00,1.236214589656085217e+00
1.595293627192060137e+00,2.660399727649291890e-01,7.246919311474239178e-01,1.615881377326045421e+00
-6.456994105423812247e-01,-9.856873365931078101e-01,4.285289767671914274e-01,-1.041786136363677118e+00
2.613926826162260575e+00,-1.461141412919857163e-01,-3.970252585677073731e-01,-9.261916718877624688e-02
1.289703667501000073e+00,-1.077277139716866117e+00,-7.598248776834921614e-01,1.995548164996005847e+00
-8.494260503364212678e-01,5.255444149489116867e-01,-6.376576590016461710e-01,-6.621193486937168027e-01
1.012982687024325951e-01,6.323991852599640806e-01,-1.141134681448041643e+00,-6.621193486937168027e-01
-5.777905306110344696e-01,-1.168866942840625311e+00,6.617573033416244144e-01,-8.519527425286970157e-01
-2.105740329066335459e+00,-1.168866942840625311e+00,-3.822171108486955293e-01,-9.468694394461870667e-01
1.493430307295040116e+00,2.708434722731829947e+00,-2.637519290966025554e-01,-5.672026517762267517e-01
-7.815171704050746238e-01,1.945186363367173321e+00,-2.563478552370967445e-01,-9.468694394461870667e-01
2.371160285651260080e-01,6.759539933011787793e-02,3.729984228208977348e-01,-4.722859548587366452e-01
3.729337884278194348e-01,2.049801040157568921e-01,5.766104539573074783e-01,-6.621193486937168027e-01
4.068882283934927568e-01,-1.336781581900849281e+00,-4.488537755842479382e-01,-9.468694394461870667e-01
-3.740638908169943710e-01,-5.430032881616067009e-01,-9.412246872413845278e-01,-2.824525610237564321e-01
7.464326280502263655e-01,-1.184131910027917955e+00,1.453993206308746622e+00,-8.519527425286970157e-01
8.822503879129197646e-01,2.174160871176570087e+00,-3.711110000594368130e-01,1.331131286573575156e+00
-3.740638908169943710e-01,-1.107807074091452293e+00,1.557650240341828196e+00,1.921309235636940449e-01
1.012982687024325951e-01,1.105613168066051255e+00,1.668711348234415137e+00,-8.519527425286970157e-01
3.729337884278194348e-01,1.014023364942292282e+00,1.390084063486556575e-02,1.046381195821104892e+00
-9.512893702334414003e-01,-1.275721713151676928e+00,-9.042043179438555844e-01,-6.621193486937168027e-01
1.731111387054753648e+00,-2.987638131649170137e-01,-6.191474743528816438e-01,-9.261916718877624688e-02
-6.456994105423812247e-01,-1.046747205342280163e+00,-6.746780282991753364e-01,-9.468694394461870667e-01
3.050249084964727353e-01,4.034246774505671485e-01,6.025247124655778164e-01,-3.773692579412465387e-01
-5.650511945874597602e-04,1.929921396179880011e+00,1.735348012969967879e+00,-5.672026517762267517e-01
1.352527086681059587e-01,6.171342180726707705e-01,1.767904655439934691e-01,-5.672026517762267517e-01
2.371160285651260080e-01,-6.498580584726585396e-01,4.803574937837317704e-01,1.615881377326045421e+00
1.697156947089080159e+00,4.797495133870328110e-01,1.739050049899720785e+00,1.900631468078515685e+00
3.729337884278194348e-01,1.014023364942292282e+00,-4.858741448817770481e-01,8.565478019861246795e-01
-2.722005709199742940e-01,-5.277383209743139458e-01,-1.174453013815818014e+00,-4.722859548587366452e-01
-1.290833769890174842e+00,1.212467938377102428e+00,-9.560328349603963716e-01,-3.773692579412465387e-01
3.050249084964727353e-01,3.881597102632737828e-01,-9.597348718901490550e-01,-9.468694394461870667e-01
1.561339187226386871e+00,1.439202352665835127e-01,-1.063391905923230629e+00,1.236214589656085217e+00
-8.494260503364212678e-01,9.376985290058266198e-01,8.838795191267990736e-01,-8.519527425286970157e-01
1.357612547432346606e+00,-1.003192397301062161e-01,-5.191924772495533080e-01,-7.570360456112069647e-01
2.710704685307993578e-01,-3.445587147267959449e-01,1.390084063486556575e-02,7.616311050686346285e-01
3.729337884278194348e-01,1.426177478999207215e+00,2.130491449437138876e-02,5.717977112336544154e-01
5.427059882561862114e-01,-8.330376647201764850e-01,-3.081763722536373096e-01,-1.041786136363677118e+00
-5.438360906453610921e-01,-3.598236819140893106e-01,-1.163346903026559298e+00,2.297529728713852259e-03
1.866929146917446936e+00,2.965699071395148101e-01,1.979682450333659638e+00,-9.261916718877624688e-02
-8.154716103707480013e-01,-1.336781581900849281e+00,5.914186016763191001e-01,2.280298255748476333e+00
-3.401094508513209935e-01,5.560743493234984181e-01,-7.494804567920430871e-02,-7.570360456112069647e-01
-7.136082904737278687e-01,5.713393165107917282e-01,-2.119234120800620180e-01,1.900631468078515685e+00
-1.188970449993154821e+00,-3.903536162886754313e-01,-4.377476647949892219e-01,1.921309235636940449e-01
-1.363828110572808672e-01,9.529634961931200410e-01,-5.414046988280707406e-01,-1.041786136363677118e+00
1.052022587741286541e+00,-3.903536162886754313e-01,-3.192824830428962479e-01,9.514644989036148415e-01
-3.451949116026081094e-02,1.105613168066051255e+00,-6.820821021586811472e-01,9.514644989036148415e-01
-2.382461309543009442e-01,1.439202352665835127e-01,-6.302535851421403601e-01,1.236214589656085217e+00
-2.042916909886275945e-01,1.151408069627930297e+00,-7.376126561049747288e-01,5.717977112336544154e-01
-6.847393112593416764e-02,6.476641524472573908e-01,2.249169456307812953e-01,-6.621193486937168027e-01
7.803870680158996320e-01,8.286036651741122971e-02,-8.311380943651901568e-03,-9.468694394461870667e-01
1.934838026848793691e+00,-1.367311516275435901e+00,-4.044293324272130175e-01,-9.468694394461870667e-01
-8.833804903020946453e-01,-2.682338787903302824e-01,-1.089306164431500967e+00,-9.468694394461870667e-01
4.068882283934927568e-01,-5.277383209743139458e-01,-4.155354432164719558e-01,1.921309235636940449e-01
6.734382873675924530e-02,-5.277383209743139458e-01,-6.524658067206579037e-01,-9.468694394461870667e-01
1.900883586883120424e+00,1.929921396179880011e+00,7.802224850937171663e-01,-7.570360456112069647e-01
-4.080183307826676931e-01,-4.361485178505549176e-01,-3.422563945192227952e-02,-9.468694394461870667e-01
-4.419727707483410706e-01,-1.306251647526263104e+00,4.618473091349676318e-01,1.995548164996005847e+00
-7.815171704050746238e-01,5.408093821362051079e-01,-5.599148834768352678e-01,-3.773692579412465387e-01
2.710704685307993578e-01,-6.803879928472451599e-01,2.952556472960866096e-01,-1.041786136363677118e+00
-1.800150369375275172e+00,2.180049776823892588e-02,6.099287863250836272e-01,9.514644989036148415e-01
-6.456994105423812247e-01,7.239889883837230533e-01,6.572935765140612563e-02,-1.041786136363677118e+00
-5.438360906453610921e-01,1.166673036815223607e+00,-5.265965511090591189e-01,9.514644989036148415e-01
6.734382873675924530e-02,1.594092118059430740e+00,1.294805618329371910e+00,1.520964680408555481e+00
-5.438360906453610921e-01,-1.613791084792784991e-01,-1.304785996254977654e-01,-5.672026517762267517e-01
-3.061550108856476160e-01,-5.124733537870205247e-01,-8.005472839107743432e-01,-9.468694394461870667e-01
7.464326280502263655e-01,1.286552680792912573e-01,1.106001734911973733e+00,1.236214589656085217e+00
-6.117449705767078472e-01,-2.834988459776236480e-01,1.953006501927580241e-01,1.331131286573575156e+00
9.841137078099397861e-01,2.662639821169949794e+00,-2.859641506751200435e-01,-4.722859548587366452e-01
-1.256879329924501576e+00,2.204690805551155819e+00,2.446139103482525723e+00,2.297529728713852259e-03
2.342291306436873999e+00,6.934590540091363220e-01,-1.008623041874746884e-01,3.819643173986742579e-01
1.493430307295040116e+00,-1.153601975653331779e+00,-9.523307980306432441e-01,1.710798074243535583e+00
6.106148681875328554e-01,-1.003192397301062161e-01,2.764514279441276035e+00,-9.468694394461870667e-01
1.012982687024325951e-01,1.090348200878757945e+00,-6.450617328611520929e-01,-3.773692579412465387e-01
-3.401094508513209935e-01,-8.940975334693488374e-01,-7.857391361917626105e-01,-6.621193486937168027e-01
1.221794787569653318e+00,8.286036651741122971e-02,2.870898835387700535e-02,1.236214589656085217e+00
3.389793484621460573e-01,7.087240211964297432e-01,2.301759663222162633e+00,4.768810143161643644e-01
6.445693081532062330e-01,2.180049776823892588e-02,-1.637969319932739698e-01,6.667144081511445775e-01
1.692071486337793085e-01,6.781940868218430118e-01,-6.561678436504108092e-01,1.900631468078515685e+00
-4.080183307826676931e-01,8.613736930693609573e-01,-8.819920963653382628e-01,-5.672026517762267517e-01
-1.019198250164788044e+00,-5.277383209743139458e-01,1.224466916664066041e+00,-9.468694394461870667e-01
1.765065827020426914e+00,1.853596560243414348e+00,-1.193724888362392433e-01,1.046381195821104892e+00
-9.852438101991146668e-01,-1.428371385024608253e+00,-1.085604127501748062e+00,9.721422664620395226e-02
1.352527086681059587e-01,7.545189227583086744e-01,-3.526008154106722303e-01,-4.722859548587366452e-01
1.012982687024325951e-01,-8.635675990947626612e-01,-7.042943237371985798e-01,-1.875358641062663534e-01
2.710704685307993578e-01,-2.682338787903302824e-01,-3.192824830428962479e-01,1.426047983491065319e+00
-8.494260503364212678e-01,-2.224389772284513511e-01,-4.451517386544950328e-01,-8.519527425286970157e-01
