-1.156489329364227964e-01,3.552436639217530501e-01,1.338136930245965028e-01,-1.031338993214465871e+00
-7.231630414064920132e-01,1.382672191593970756e-01,5.574681541049748557e-01,-4.377286108604906967e-01
-7.231630414064920132e-01,1.214695815253162836e+00,5.574681541049748557e-01,-1.166899056492416653e+00
-8.200131166698358953e-01,9.512244180417311901e-01,1.086420383416480728e+00,-1.322436392253434567e+00
-8.200131166698358953e-01,1.161156173039075812e+00,1.086420383416480728e+00,-9.813958120067997060e-01
-8.200131166698358953e-01,1.509476607364171330e-01,1.086420383416480728e+00,-9.985191884208566293e-01
-2.389126650897701876e-01,-4.379884036185496266e-01,8.440906112992473398e-01,3.173729249157123539e-02
-2.389126650897701876e-01,-2.125583311381794571e-01,1.032467352630164426e+00,9.906463716787616836e-01
-2.389126650897701876e-01,-9.747937637124296506e-01,1.096032427397212183e+00,2.528896352874880016e+00
-2.389126650897701876e-01,-4.492599072425681461e-01,1.342371242983796398e+00,6.981220246052887157e-01
-2.389126650897701876e-01,7.627394922729466287e-02,1.223838801130957776e+00,1.176149616164378964e+00
-2.389126650897701876e-01,-4.422152174775554889e-01,1.165876726875290981e+00,1.516009273899700249e-01
-2.389126650897701876e-01,-6.112877718378331160e-01,7.911519168124047097e-01,4.997762478091287153e-01
-1.156489329364227964e-01,-5.267514946576948853e-01,4.320768667985485645e-01,-5.633000378969086341e-01
-1.156489329364227964e-01,-3.196376155663546714e-01,3.134478214886173286e-01,-2.779104309959590235e-01
-1.156489329364227964e-01,-6.887793592529611875e-01,3.311745558651419952e-01,-5.333341291723088240e-01
-1.156489329364227964e-01,-5.464766259997275721e-01,3.311745558651419952e-01,-8.030273076937062271e-01
-1.156489329364227964e-01,-4.689850385845996117e-01,2.149122952539838649e-01,3.513736522206347690e-01
-1.156489329364227964e-01,-8.395357202242076378e-01,-7.951880259055233574e-03,-1.323617314764748143e-01
-1.156489329364227964e-01,-1.060738978845570779e+00,-7.275656059405861444e-03,1.257485654131149655e+00
-1.156489329364227964e-01,-5.042084874096579572e-01,9.628324994405217108e-02,2.315100173222359725e-01
-1.156489329364227964e-01,-2.548264697282479618e-01,7.918443803863062236e-02,9.292876061950574584e-01
-1.156489329364227964e-01,-7.183670562660096071e-01,1.363253829090088631e-01,1.094813578197608273e+00
-1.156489329364227964e-01,-5.619749434827520096e-01,2.833558446042171997e-01,5.839661818449087827e-01
-1.156489329364227964e-01,-7.183670562660096071e-01,4.197599260192197979e-01,3.713509247037013461e-01
-1.156489329364227964e-01,2.425286276815679654e-01,3.099700970332772698e-01,8.453436976824704741e-02
-1.156489329364227964e-01,4.947285212689822576e-01,2.057832685587161481e-01,-3.247536906114231736e-02
-1.156489329364227964e-01,-3.534521264384101746e-01,1.748701622890271590e-01,1.187811225963607692e-01
-4.590264725064619467e-01,-5.492945019057319245e-01,-2.186440201784041193e-01,-3.606734169972344306e-01
-4.590264725064619467e-01,-6.789167935819441224e-01,-2.101429159542397285e-01,-1.138114070279129808e-01
-4.590264725064619467e-01,-6.662363520049241483e-01,5.855959994932252721e-02,-4.905256881371665156e-01
-4.590264725064619467e-01,-5.027995494566551704e-01,1.658539784251047630e-02,-2.964607554445206072e-01
-1.084149685569866017e+00,3.834224229817986829e-01,7.670976559963028629e-01,-1.125517563491779116e+00
-1.084149685569866017e+00,9.878568048197911011e-01,7.670976559963028629e-01,-1.459423403565890176e+00
-9.080586396365125657e-01,6.299865647572031602e-01,9.215665838876553329e-01,-1.051316265697532337e+00
-9.080586396365125657e-01,-2.167851449971865685e-01,9.215665838876553329e-01,-9.129023063505719016e-01
-9.080586396365125657e-01,-1.576097509710884526e-01,9.215665838876553329e-01,-6.803097767262978879e-01
-9.080586396365125657e-01,-3.576789402974173138e-01,9.215665838876553329e-01,-3.792237414457960143e-01
-9.080586396365125657e-01,-9.029379281093115051e-01,6.218543582573110573e-01,-2.850451711684826028e-01
-9.080586396365125657e-01,-7.564083809970721939e-01,6.218543582573110573e-01,2.771723544263879346e-01
-9.080586396365125657e-01,-4.126275204645070693e-01,9.063515393955425825e-01,9.407031904710957404e-01
-9.080586396365125657e-01,-1.015652964349496701e+00,1.098737324195810050e+00,5.696967014998610690e-01
-9.872996103065216911e-01,-5.070263633156621985e-01,1.449890890728058324e+00,1.772859920110554655e-01
-9.872996103065216911e-01,-2.928677944593105487e-01,1.449890890728058324e+00,-3.963471178598531042e-01
-9.872996103065216911e-01,2.650716349296050045e-01,1.449890890728058324e+00,-9.885305521793233963e-01
-9.872996103065216911e-01,-4.577135349605810921e-01,1.449890890728058324e+00,-5.390419213103279095e-01
-1.304263492986557305e+00,1.304867844245310771e+00,2.358881120242553475e+00,-1.055597109801046596e+00
-1.242631626909884046e+00,8.472757694530885786e-02,2.596042607405323555e+00,-9.186100984885908760e-01
-1.233827074613216501e+00,6.947977105953098143e-01,2.179295293507078846e+00,-1.178314640768455046e+00
-8.640358781531742860e-01,-2.505996558692420995e-01,1.932956477920494853e+00,-7.630727627275731839e-01
-8.640358781531742860e-01,-5.577481296237460917e-01,1.506548818312972937e+00,-4.263130265844526923e-01
-8.640358781531742860e-01,-8.198105888821761722e-01,1.648266089868077877e+00,1.344775509759131848e-01
-8.640358781531742860e-01,-5.027995494566551704e-01,1.451726356412821328e+00,3.185538474270255271e-01
-8.640358781531742860e-01,1.875800475144782098e-01,1.648314391596624517e+00,-7.816230871761349341e-01
-8.640358781531742860e-01,6.187150611331846406e-01,2.013185649036047131e+00,-3.863584816183198711e-01
-1.188923857900210823e+00,1.100571841059976075e+00,2.613093117582198310e+00,-5.932659466215082222e-01
-1.348286254469895695e+00,-4.630365268390614769e-02,1.351741778321795984e+00,-1.075574382284113062e+00
-1.348286254469895695e+00,-7.549994430440694071e-01,1.351741778321795984e+00,-2.807643270649684553e-01
-1.251436179206551813e+00,-6.267860893208586637e-01,1.296919316421644375e+00,-5.861312064489846430e-01
-1.251436179206551813e+00,-1.026924467973515220e+00,1.296919316421644375e+00,1.259158627688846122e-01
-1.251436179206551813e+00,-6.169235236498430419e-01,1.296919316421644375e+00,-4.876717920681570839e-01
-1.216217970019880967e+00,1.326314673473872052e-01,7.121302889105124434e-01,-7.830500352106397610e-01
-1.216217970019880967e+00,-5.098442392216665509e-01,7.121302889105124434e-01,-3.321344563071393363e-01
-1.216217970019880967e+00,-3.633146921094259074e-01,7.121302889105124434e-01,-9.542837993512095496e-01
-1.216217970019880967e+00,-1.097058605690101052e-01,7.121302889105124434e-01,-6.660402963812503963e-01
-1.004908714899857003e+00,-7.025559788494595281e-02,2.118209846270148744e-01,-7.744883470036112438e-01
-1.004908714899857003e+00,-5.193940449591603198e-02,3.331066250069977808e-01,-4.662675715505857910e-01
-1.004908714899857003e+00,-6.180197016693175782e-02,1.155556396340615272e-01,-3.390231709564703322e-02
-1.004908714899857003e+00,-2.576443456342534799e-01,1.340552016673283164e-01,-2.764834829614543077e-01
-1.004908714899857003e+00,-1.280220539580400330e-01,5.801699665217775470e-01,1.889476018102852553e-02
-1.004908714899857003e+00,-6.324218411328685896e-01,3.331066250069977808e-01,-4.434364029985097821e-01
-1.101758790163201329e+00,5.694022327781047554e-01,7.669044490821173010e-01,-9.871036041448186804e-01
-1.101758790163201329e+00,4.172369338538542416e-01,7.669044490821173010e-01,-7.117026334854024139e-01
-1.101758790163201329e+00,-2.939639724787901365e-02,7.669044490821173010e-01,-7.830500352106397610e-01
-1.101758790163201329e+00,-2.196030209031908653e-01,7.669044490821173010e-01,-6.703211404847646548e-01
-8.992540873398449097e-01,9.318120466332305285e-02,4.668058096234024568e-01,-3.692351052042630033e-01
-8.992540873398449097e-01,4.327352513368798448e-01,3.017588031803913884e-01,-8.101620478662299174e-01
-8.992540873398449097e-01,-4.337615897595425429e-01,2.966871216830203606e-01,9.309605797527535642e-02
-8.992540873398449097e-01,-2.844141667412963814e-01,-3.157142551823954868e-02,-5.376149732758231936e-01
-5.470719954731386725e-01,9.639048596187512752e-01,-1.889867588509213103e-01,-9.571376954202189813e-01
-5.470719954731386725e-01,1.065348392234917840e+00,-1.924644833062613691e-01,-9.285987347301239980e-01
-5.470719954731386725e-01,1.326314673473872052e-01,-3.480926526827268219e-01,-4.848178959991473747e-01
-5.470719954731386725e-01,1.157242119113600642e-01,-3.481892561398196029e-01,-5.718617261039371513e-01
-7.671858028898298487e-01,1.678549161724455230e-01,-7.103393774063922195e-02,-5.775695182419560147e-01
-7.671858028898298487e-01,-1.576097509710884526e-01,-7.103393774063922195e-02,-8.558243849703819350e-01
-7.671858028898298487e-01,-1.040701087570014838e-01,-9.561951757075119740e-02,-2.308211458573023456e-01
-9.344722965265156445e-01,-2.252387727151995145e-01,-1.534849883693253092e-01,-1.238000432694462555e-01
-9.344722965265156445e-01,2.460196965707208694e+00,-1.534849883693253092e-01,-1.141213991871331546e+00
-9.344722965265156445e-01,2.109371415409631911e+00,-1.534849883693253092e-01,-1.232538666079635359e+00
-9.344722965265156445e-01,1.540160482396697894e+00,-1.534849883693253092e-01,-8.586782810393913667e-01
-2.741308742764408390e-01,5.694022327781047554e-01,-5.000015889611202358e-01,-3.977740658943578200e-01
-2.741308742764408390e-01,6.454848822402287079e-01,-4.621813355092975750e-01,-6.474899719326887571e-01
-2.741308742764408390e-01,-2.618711594932606190e-01,-5.304799796738915996e-01,1.758590439765507496e-01
-2.741308742764408390e-01,-2.196030209031908653e-01,-6.723421564146363494e-01,1.746781214652380620e-02
-2.741308742764408390e-01,-6.648274140519213615e-01,-8.240578857788442013e-01,6.082242984314892853e-01
-2.741308742764408390e-01,-6.859614833469556139e-01,-7.737757863620532417e-01,9.207259179880291633e-01
-2.741308742764408390e-01,-2.759605390232834354e-01,-8.165711178541539272e-01,2.686106662193594175e-01
-2.741308742764408390e-01,2.129409306685195458e-01,-6.665942507176159104e-01,8.906123939495249123e-03
-2.741308742764408390e-01,-1.322488678170471166e-01,-6.123997112885674055e-01,4.769450792570527065e-01
-2.741308742764408390e-01,-1.801527582191254639e-01,-5.000015889611202358e-01,1.130733304583419058e-01
-3.640796226641376809e-02,5.524949773420763099e-01,-5.484482226931483018e-01,-2.921799113410064597e-01
-3.640796226641376809e-02,-5.774732609657775573e-01,-7.049941249119952014e-01,5.711236495343661179e-01
-3.640796226641376809e-02,-3.252733673783645418e-01,-6.109989611607221649e-01,6.966950765707837778e-01
-3.640796226641376809e-02,-9.702541899199006170e-02,-7.517984998734462687e-01,-2.507984183403689227e-01
-3.640796226641376809e-02,-5.563391916707433049e-01,-6.520071286966065971e-01,5.069109879816522390e-01
-3.640796226641376809e-02,-2.069225793261695867e-01,-5.230415134777477437e-01,-2.391368085411401181e-02
-3.640796226641376809e-02,-4.253079620415283202e-01,-5.146853144392226076e-01,-2.722026388579399381e-01
-3.640796226641376809e-02,-6.352397170388729419e-01,-6.450516797859264795e-01,4.512600146359670439e-01
-3.640796226641376809e-02,-8.338999684121989331e-01,-5.089857104707486979e-01,2.001171605631314465e-01
2.629468158202860617e-01,-6.380575929448771832e-01,-7.512188791308895830e-01,3.085652111854922386e-01
2.629468158202860617e-01,-4.492599072425681461e-01,-7.803448214443621245e-01,2.942957308404448025e-01
2.629468158202860617e-01,-5.098442392216665509e-01,-8.337182314881219636e-01,8.165587114691825743e-01
2.629468158202860617e-01,-6.577827242869099811e-01,-9.025481946667264221e-01,1.883915841278734016e+00
2.629468158202860617e-01,-6.253771513678572092e-01,-8.726494246965115220e-01,7.666155302615161871e-01
2.629468158202860617e-01,-4.746207903966094821e-01,-8.791218563217277904e-01,3.713509247037013461e-01
6.415425645769958773e-01,-8.874396106262871786e-01,-9.779471929276396525e-01,7.109645569158313805e-01
6.415425645769958773e-01,1.523565986894199198e-01,-9.662581746194134347e-01,4.541139107049766976e-01
6.415425645769958773e-01,-9.663401359944167046e-01,-8.854010810327582748e-01,8.750635808838772567e-01
6.415425645769958773e-01,1.903979234204825344e-01,-8.184548852674630171e-01,5.599540907815193924e-02
6.415425645769958773e-01,4.418113624176512114e-03,-7.447947492342198439e-01,7.479175904990531532e-03
6.415425645769958773e-01,6.922925946228325467e-02,-7.175525743340563922e-01,-1.551929000285507954e-01
6.415425645769958773e-01,-7.056866146889883007e-01,-6.487226111554520447e-01,4.027437814628056501e-01
6.415425645769958773e-01,1.709855520119780287e-02,-8.222224200940814187e-01,6.781447521222221386e-01
6.415425645769958773e-01,-5.366140603287106181e-01,-8.916803057437887592e-01,6.695830639151933994e-01
6.415425645769958773e-01,1.847621716084726362e-01,-9.482416298716103142e-01,3.399580679445967646e-01
6.415425645769958773e-01,-6.563737863339071943e-01,-1.035764361997667304e+00,1.300294095166292241e+00
6.415425645769958773e-01,-2.421460281512279045e-01,-1.035716060269120664e+00,8.921869572979344021e-01
6.415425645769958773e-01,-2.097404552321739113e-01,-1.063151442083469789e+00,1.705547336965640426e+00
6.415425645769958773e-01,-1.837063790949845066e+00,-1.146471923825990835e+00,3.168169072333006486e+00
2.816266981853908558e+00,-1.296031616996957903e+00,-1.203371360053637096e+00,2.085115514143903503e+00
2.816266981853908558e+00,-1.204450650051807070e+00,-1.159803200904794274e+00,2.028037592763713981e+00
2.816266981853908558e+00,-2.000500593498113933e+00,-1.191634040016864571e+00,2.437571678666575981e+00
2.816266981853908558e+00,-1.968095020579059939e+00,-1.136135353917063773e+00,2.471818431494690049e+00
2.816266981853908558e+00,-1.601771152798459052e+00,-1.102903764677147791e+00,2.299157719319615545e+00
2.816266981853908558e+00,-1.022697654114508081e+00,-1.104787532090457214e+00,1.318844419614853658e+00
2.816266981853908558e+00,-2.830052287882948159e-01,-1.060205036642140053e+00,2.700376142538641333e-01
2.816266981853908558e+00,-1.294622679043955005e+00,-1.072956692978386917e+00,1.530278754244747408e-01
2.816266981853908558e+00,-1.846926356620862020e+00,-1.063972571468758455e+00,-1.249809657807601955e-02
2.816266981853908558e+00,-2.731426631172790831e-01,-9.967365653321849095e-01,4.155863137733483148e-01
4.742560709403101371e-01,8.737328306266032296e-01,-9.349586545213534050e-01,-1.086989966560151011e+00
4.742560709403101371e-01,-3.619057541564243974e-01,-9.929207287770203116e-01,-8.244315282112775201e-01
2.816266981853908558e+00,2.636626969766022177e-01,-9.887667801220306751e-01,-6.874445168988216892e-01
4.742560709403101371e-01,-1.026611708039986970e-01,-9.730687183444542976e-01,-9.571376954202189813e-01
4.742560709403101371e-01,1.643012952965866136e+00,-8.897482366019332511e-01,-1.495097104428508850e+00
4.742560709403101371e-01,2.084010532255589521e+00,-8.560336300765536421e-01,-1.467985091772918693e+00
4.742560709403101371e-01,2.891331979325915125e+00,-7.974436333497838536e-01,-1.268212366942254032e+00
4.742560709403101371e-01,-6.606006001929142224e-01,-6.718591391291722781e-01,-8.099160223430372507e-02
4.742560709403101371e-01,2.262945652286884268e+00,-8.535219401921414484e-01,-1.213988341631073720e+00
4.742560709403101371e-01,-5.444452046839213730e-03,-8.273907050485449499e-01,-1.580467960975602271e-01
4.742560709403101371e-01,1.114973980523529667e-01,-7.489003961606628401e-01,-1.266539393384557011e-01
4.742560709403101371e-01,-6.310129031798658028e-01,-6.699753717158631883e-01,3.171268993925208113e-01
4.742560709403101371e-01,-6.239682134148544224e-01,-6.879436147351198905e-01,-2.534062888861873114e-02
-3.621763972431175649e-01,-1.057921102939566316e+00,-5.877658297299092061e-01,3.542275482896442007e-01
-3.621763972431175649e-01,1.312225293943856674e-01,-5.635183619996217974e-01,-4.519980912055383548e-01
-3.621763972431175649e-01,-6.535559104279028420e-01,-5.366626009278293585e-01,-3.663812091352532940e-01
-3.621763972431175649e-01,3.143844632846861109e-01,-3.287719612641711864e-01,-9.813958120067997060e-01
-3.621763972431175649e-01,-4.267168999945311070e-01,-1.246488564271311383e-01,-2.993146515135303165e-01
-3.621763972431175649e-01,-1.108020385884784208e-02,-2.393171599962587159e-01,-8.444088006943438751e-01
-3.621763972431175649e-01,7.567909805274122270e-01,-4.335867122098354121e-01,-7.545110745205447778e-01
-5.558765477698063284e-01,9.258635348876899096e-01,-4.752711039453689779e-01,-1.022777305007437354e+00
-5.558765477698063284e-01,2.031879827994504062e+00,-5.177766250661913761e-01,-6.631864003122409645e-01
-5.558765477698063284e-01,-2.520085938222436095e-01,-5.868963986160740109e-01,-3.934932217908436725e-01
-5.558765477698063284e-01,1.172427676663094331e+00,-5.372905233989324625e-01,-1.054170161766541769e+00
-5.558765477698063284e-01,3.383364084857246601e-01,-4.665767928070190251e-01,-9.314526307991335408e-01
-5.558765477698063284e-01,-1.012835088443492237e+00,-3.985196572851569807e-01,2.529142378398072655e-01
-5.558765477698063284e-01,-2.393281522452235799e-01,-2.575752133867936777e-01,1.344775509759131848e-01
-5.558765477698063284e-01,2.124869732892657570e+00,-2.964581048666369845e-01,-1.106967239043217477e+00
-1.004908714899857003e+00,6.468938201932314946e-01,-1.176771681421986786e-02,-7.887578273486587355e-01
-1.004908714899857003e+00,3.284738428147089273e-01,3.640680330052330493e-01,-1.091270810663665269e+00
-1.004908714899857003e+00,1.214695815253162836e+00,3.640680330052330493e-01,-9.728341237997712998e-01
-1.004908714899857003e+00,8.850043342506217492e-01,1.288128401826201586e+00,-1.014215616800409059e+00
-1.004908714899857003e+00,5.863094882141318687e-01,1.288128401826201586e+00,-1.072720486215103408e+00
-1.004908714899857003e+00,1.204833249582146992e+00,1.288128401826201586e+00,-1.332425028494967467e+00
-1.321872597579892616e+00,6.722547033472728861e-01,1.162447304148497063e+00,-1.024204253041942181e+00
-1.321872597579892616e+00,3.961028645588199892e-01,1.162447304148497063e+00,-1.116955875284750821e+00
-1.136976999349871953e+00,2.186863002824758873e+00,8.865478306915229867e-01,-1.318155548149920087e+00
-1.295458940689889538e+00,1.358407486459399127e+00,1.688646334932859316e+00,-1.159764316319893185e+00
-1.295458940689889538e+00,1.104798654918983214e+00,1.688646334932859316e+00,-5.133568566892424689e-01
-1.295458940689889538e+00,1.340091293070369227e+00,1.688646334932859316e+00,-7.973195155556872527e-01
-1.304263492986557305e+00,9.188188451226771969e-01,1.854997488046623344e+00,-1.091270810663665269e+00
-1.304263492986557305e+00,1.144248917603047477e+00,1.854997488046623344e+00,-1.106967239043217477e+00
-1.198608865426545655e+00,-2.266477106682023013e-01,1.186791375335877197e+00,-6.817367247608027148e-01
-1.198608865426545655e+00,1.813494445279146605e+00,1.186791375335877197e+00,-1.298178275666853843e+00
-1.188923857900210823e+00,2.155866367858707555e+00,6.303554624814758922e-01,-1.198291913251521290e+00
-1.188923857900210823e+00,2.410884137352127254e+00,6.303554624814758922e-01,-1.330998080460463084e+00
-5.470719954731386725e-01,-6.084698959318287637e-01,6.396939354651792753e-02,-1.908666008911694967e-01
-5.470719954731386725e-01,4.418113624176512114e-03,2.617649719439809619e-01,-1.765971205461218108e-01
-5.470719954731386725e-01,-7.606351948560780007e-01,2.617649719439809619e-01,8.351090359177441025e-01
-5.470719954731386725e-01,-3.647236300624286942e-01,2.058798720158091233e-01,3.499467041861300531e-01
-5.470719954731386725e-01,-1.379158956224093124e+00,2.996497664986015955e-02,1.552863897273632388e+00
-5.470719954731386725e-01,-5.112531771746693376e-01,3.097931294933432486e-02,7.223801411918692184e-01
-5.470719954731386725e-01,-1.294622679043955005e+00,-7.146865329755677787e-02,1.679862272344555096e+00
-5.470719954731386725e-01,-7.268206839840225530e-01,-7.745806763730900268e-02,5.454385849132806774e-01
-5.470719954731386725e-01,7.345607332129035216e-02,6.396939354651792753e-02,-4.034818580323766835e-01
-5.470719954731386725e-01,-1.984689516081553917e-01,6.396939354651792753e-02,-3.906393257218340187e-01
-9.994305376410756933e-03,-6.126967097908359028e-01,-3.385289104305417851e-01,1.858476802180840104e-01
-9.994305376410756933e-03,4.496425067729082348e-01,-1.892765692221996254e-01,-3.592464689627297147e-01
-9.994305376410756933e-03,-5.239336187516906440e-01,-4.461451616318964919e-01,8.151317634346780805e-01
-9.994305376410756933e-03,7.063819741528602758e-02,-2.171949683220124050e-01,-2.436636781678450658e-01
-3.885900541331205882e-01,8.850043342506217492e-01,-4.594764387106998749e-01,-3.563925728937200055e-01
-3.885900541331205882e-01,-2.238298347621979767e-01,-3.694903184287770537e-01,1.320271367649358707e+00
-3.885900541331205882e-01,7.835608016344551841e-01,-2.612461447563192429e-01,-3.249997161346157015e-01
-3.885900541331205882e-01,4.158279959008526760e-01,-2.612461447563192429e-01,-6.574786081742219901e-01
-4.150037110231235560e-01,2.737757742448662768e+00,-4.436817734760306053e-01,-1.151202628112864668e+00
-4.150037110231235560e-01,3.384460262876723746e+00,-4.436817734760306053e-01,-1.081282174422132147e+00
-4.150037110231235560e-01,2.419337765070139312e+00,-2.884883196564826946e-01,-1.295324379597844411e+00
-4.150037110231235560e-01,1.183699180287112851e+00,-2.884883196564826946e-01,-8.344201644528106421e-01
-4.150037110231235560e-01,1.920573729707321764e+00,-2.114953643535384675e-01,-1.182595484871969083e+00
-4.150037110231235560e-01,3.228380910026990569e-01,-2.114953643535384675e-01,-1.205426653424045202e+00
-4.150037110231235560e-01,-4.816654801616208625e-01,-6.832904094204150791e-02,-7.956465419979900922e-02
-4.150037110231235560e-01,1.534524730584688079e+00,-6.832904094204150791e-02,-9.928113962828376549e-01
-3.885900541331205882e-01,2.837792337111826768e+00,1.228654400188179154e-02,-1.389502949875157434e+00
-3.885900541331205882e-01,2.710987921341618812e+00,-7.779617973713379153e-02,-1.178314640768455046e+00
-3.885900541331205882e-01,5.679932948251019686e-01,-7.779617973713379153e-02,-5.932659466215082222e-01
-3.885900541331205882e-01,-3.337269950963774878e-01,-7.779617973713379153e-02,-1.894396528566645310e-01
-3.885900541331205882e-01,4.341441892898826316e-01,1.618286955815020356e-01,-3.806506894803009522e-01
-3.885900541331205882e-01,1.458442081122562906e+00,1.618286955815020356e-01,-1.067012694077084545e+00
-1.084149685569866017e+00,2.228034963395352785e-01,1.148101690770219507e+00,-8.344201644528106421e-01
-1.084149685569866017e+00,3.989207404648242861e-01,1.148101690770219507e+00,-6.902984129678311209e-01
-1.084149685569866017e+00,8.089216847884976858e-01,1.218718817905040552e+00,-1.180922511314271423e-01
-1.084149685569866017e+00,-3.210465535193574582e-01,1.218718817905040552e+00,2.745644838805708088e-02
-1.084149685569866017e+00,4.950412812025054704e-02,1.556541107358485165e+00,-1.409234196835031372e-01
-1.084149685569866017e+00,9.881695647533167426e-02,1.556541107358485165e+00,-1.001373084489866061e+00
-1.057736028679862939e+00,-3.027303601303275582e-01,2.049218738531653372e+00,-4.348747147914812650e-01
-1.057736028679862939e+00,1.551744745954242166e-01,1.938607780160422678e+00,-3.835045855493103839e-01
-1.057736028679862939e+00,5.567217912010834491e-01,1.938607780160422678e+00,-8.058812037627157698e-01
-1.057736028679862939e+00,2.312571240575494735e-01,1.731006950868042571e+00,-9.000597740400290148e-01
-1.057736028679862939e+00,1.622191643604356248e-01,1.731006950868042571e+00,-1.229684770010625927e+00
-1.057736028679862939e+00,8.934579619686359164e-01,2.460363051918517119e+00,-1.238246458217654444e+00
-1.057736028679862939e+00,2.727895176777647368e+00,2.460363051918517119e+00,-1.236819510183149617e+00
-1.401113568249901631e+00,-3.027303601303275582e-01,2.611837272639992769e+00,-8.044542557282109430e-01
-1.401113568249901631e+00,-6.296039652268630160e-01,2.611837272639992769e+00,-4.220321824809385447e-01
-1.383504463656566319e+00,1.593700124610784918e+00,1.218718817905040552e+00,-1.298178275666853843e+00
8.440472674003522968e-01,3.354872565863676659e+00,-9.718128734022482007e-01,-1.011361720731399405e+00
8.440472674003522968e-01,1.423218632297505781e+00,-9.266024554828280468e-01,-6.303665955186317227e-01
8.440472674003522968e-01,7.314300973733697253e-01,-8.705241486404704521e-01,-7.573649705895542095e-01
8.440472674003522968e-01,1.240056698407205449e+00,-8.215461958944320076e-01,-3.735159493077771509e-01
8.440472674003522968e-01,1.686690029508937316e+00,-8.081666170870821508e-01,-7.059948413473834394e-01
8.440472674003522968e-01,2.923737552244967564e+00,-7.363419467386017603e-01,-8.986328260055242989e-01
8.440472674003522968e-01,1.414765004579491725e+00,-8.376306715003793979e-01,-1.366425755799889619e-01
8.440472674003522968e-01,1.244283512266212366e+00,-9.094553418488600105e-01,-5.861312064489846430e-01
8.440472674003522968e-01,-1.074828358375594650e+00,-8.822131669486966699e-01,-2.507984183403689227e-01
8.440472674003522968e-01,9.737674252897682292e-01,-8.114994363567831215e-01,3.684970286346916368e-01
2.101195020402800151e-01,2.781434818991735280e+00,-6.720523460433578400e-01,-6.803097767262978879e-01
2.101195020402800151e-01,1.616243131858821958e+00,-4.545013606704217946e-01,-1.291043535494329930e+00
-7.671858028898298487e-01,-5.676106952947618245e-01,5.049321128207548415e-02,2.058249527011505597e-01
-7.671858028898298487e-01,-6.577827242869099811e-01,2.975565527968555002e-01,1.130733304583419058e-01
-7.671858028898298487e-01,-1.167505503340215134e-01,2.975565527968555002e-01,-8.016003596592015112e-01
-7.671858028898298487e-01,3.031129596606675913e-01,5.049321128207548415e-02,-6.389282837256601288e-01
-7.671858028898298487e-01,1.927618419472333144e+00,2.673679724553623682e-01,-8.030273076937062271e-01
-9.168631919331803326e-01,6.130793093211759359e-01,1.278242786848444723e-01,-1.238246458217654444e+00
-9.168631919331803326e-01,7.483373528093980598e-01,2.194526577373441256e-01,-1.316728600115415482e+00
-9.168631919331803326e-01,1.330228727399353383e+00,4.705733444500210250e-01,-8.786555535224578328e-01
-9.168631919331803326e-01,7.088870901253326862e-01,5.070894512310909485e-01,-1.148348732043855236e+00
-9.168631919331803326e-01,2.242124342925380653e-01,1.581094624834301909e-01,-7.159834775889165615e-01
-9.529618563495175776e-01,6.891619587833012206e-01,1.389819779790600895e-01,-1.049889317663027732e+00
-9.529618563495175776e-01,2.109371415409631911e+00,4.258942455446110276e-01,-1.205426653424045202e+00
-9.529618563495175776e-01,9.089562794516614641e-01,6.915537525497506000e-01,-1.086989966560151011e+00
-9.529618563495175776e-01,1.862807273634226490e+00,6.757107855865350787e-01,-1.312447756011901223e+00
-1.321872597579892616e+00,2.254492024568869990e+00,1.000829720432279357e+00,-1.291043535494329930e+00
-1.330677149876560383e+00,1.078028833811939036e+00,1.687825205547570429e+00,-6.218049073116033165e-01
-1.427527225139904710e+00,1.833532336554711262e-01,1.687825205547570429e+00,-5.675808820004227817e-01
-1.286654388393221993e+00,-1.604276268770940261e-01,1.692607076673662947e+00,-7.231182177614403628e-01
-1.286654388393221993e+00,-1.108020385884784208e-02,1.692607076673662947e+00,-6.574786081742219901e-01
-1.286654388393221993e+00,3.411542843917302337e-01,1.692607076673662947e+00,-3.849315335838151553e-01
-1.233827074613216501e+00,7.581999184804137926e-01,6.297275400103725662e-01,-1.266785418907749206e+00
-1.233827074613216501e+00,1.162565110992077377e+00,6.297275400103725662e-01,-1.233965614114139964e+00
-1.233827074613216501e+00,4.327352513368798448e-01,6.297275400103725662e-01,-1.071293538180598803e+00
-1.004908714899857003e+00,-2.759605390232834354e-01,8.161722121994342549e-01,-5.176377007927566165e-01
-1.004908714899857003e+00,-4.422152174775554889e-01,8.161722121994342549e-01,-2.579331585128925020e-01
-1.004908714899857003e+00,5.003642730809908512e-01,1.037249223756256944e+00,-8.472626967633534179e-01
-1.004908714899857003e+00,3.186112771436931945e-01,1.037249223756256944e+00,-6.874445168988216892e-01
-1.004908714899857003e+00,-7.507726291850622680e-01,1.210942239609071880e+00,5.183265722576902990e-01
-1.330677149876560383e+00,3.118793473122062621e-02,1.939235702631525449e+00,-1.032765941248970698e+00
-1.330677149876560383e+00,1.011808750020830816e+00,1.939235702631525449e+00,-1.065585746042579718e+00
-1.330677149876560383e+00,7.722892980104378857e-01,1.939235702631525449e+00,-8.758016574534482901e-01
-1.040126924086527627e+00,3.763777332167873024e-01,8.108590220593314690e-01,-3.863584816183198711e-01
-1.040126924086527627e+00,2.425286276815679654e-01,8.108590220593314690e-01,-5.047951684822139518e-01
-1.040126924086527627e+00,9.286814107936942619e-01,8.108590220593314690e-01,-1.048462369628522906e+00
-6.967493845164890454e-01,1.286551650856280871e+00,1.009685176130521445e-01,-7.530841264860400619e-01
-6.967493845164890454e-01,4.130101199948471580e-01,-2.139587525094043541e-01,-4.676945195850905068e-01
-6.967493845164890454e-01,1.545796234208706599e+00,-3.447598334130257958e-01,-8.187237360732584346e-01
-6.967493845164890454e-01,7.412926630443866793e-01,-3.044278900767909968e-01,-6.674672444157551121e-01
-6.282161915641677752e-02,4.397799411018912252e-01,-2.393171599962587159e-01,-1.094124706732674701e+00
-6.282161915641677752e-02,-4.943459217386409477e-01,-3.431658763709950488e-01,-3.192919239965966161e-01
-6.282161915641677752e-02,-1.901874936787951720e+00,-6.248132555249894526e-01,6.170320121617105941e-02
-6.282161915641677752e-02,-2.830052287882948159e-01,-5.664164657124052260e-01,-8.886441897639910659e-01
-6.282161915641677752e-02,-4.224900861355240234e-01,-4.728560175180495651e-01,-6.957601795826573454e-02
-6.282161915641677752e-02,-8.011816355596167172e-02,-2.657382055111334740e-01,-6.146701671390794042e-01
-6.282161915641677752e-02,3.439721602977345305e-01,-1.017538370961426908e-01,-4.177513383774243971e-01
-6.282161915641677752e-02,-8.705323551902588441e-01,6.377618663233239338e-02,-1.009688747173702744e-01
-6.282161915641677752e-02,-5.760643230127761028e-01,8.966591313319706436e-02,8.736366328493723188e-01
-6.282161915641677752e-02,-7.620441328090807875e-01,1.056537852820516876e-01,5.325960526027376796e-01
-6.282161915641677752e-02,8.331863899230607107e-02,-1.354684436215221610e-01,-2.636409506509115874e-01
-6.282161915641677752e-02,-2.956856703653148455e-01,9.125987017522783906e-02,7.454573352671377273e-02
-5.118537862864679377e-01,1.453119089244084838e-01,3.513646783975327148e-01,-7.145565295544118456e-01
-5.118537862864679377e-01,7.486501127429312508e-02,3.513646783975327148e-01,-7.616458146930684681e-01
-5.118537862864679377e-01,-3.971292029814814661e-01,4.386459018808576138e-01,-6.432091278291743874e-01
-5.118537862864679377e-01,-8.663055413312517050e-01,4.386459018808576138e-01,-6.672212188925630283e-02
-5.118537862864679377e-01,1.298135914413828806e-01,4.386459018808576138e-01,-8.686669172809245998e-01
-5.118537862864679377e-01,1.523565986894199198e-01,7.742463118211685424e-01,-1.017069512869418491e+00
-5.118537862864679377e-01,-1.530701771785493957e-02,7.742463118211685424e-01,-8.643860731774103412e-01
-5.118537862864679377e-01,-3.379538089553845714e-01,7.742463118211685424e-01,8.310742173374208175e-02
-8.024040120765005835e-01,-6.408754688508815356e-01,6.770149322572874828e-01,-3.192919239965966161e-01
-8.024040120765005835e-01,1.428067929519348869e-02,6.770149322572874828e-01,-6.945792570713453795e-01
-8.024040120765005835e-01,-2.520085938222436095e-01,9.953233233779911204e-01,-4.448633510330145535e-01
-9.969846178328559683e-01,-8.691234172372560574e-01,1.365845883057341448e+00,3.173729249157123539e-02
-9.969846178328559683e-01,-4.112185825115055038e-01,1.365845883057341448e+00,-6.246588033806127482e-01
-3.181536357597792297e-01,-9.671265905846311225e-03,1.277791831917274301e+00,-9.314526307991335408e-01
-3.181536357597792297e-01,-1.812489362386050448e-02,1.277791831917274301e+00,-7.787691911071255024e-01
-3.181536357597792297e-01,-4.027649547934913365e-01,1.049276354164307534e+00,-5.989737387595273077e-01
-3.181536357597792297e-01,-6.394665308978799700e-01,6.849847174674416062e-01,-3.435500405831772852e-01
-3.181536357597792297e-01,-6.028341441198201700e-01,8.704150533570292891e-01,-2.351019899608164931e-01
-3.181536357597792297e-01,-3.717683198274401302e-01,4.826487765866180335e-01,-5.276263370342899606e-01
-3.181536357597792297e-01,-4.760297283496109921e-01,4.826487765866180335e-01,-3.521117287902058579e-01
-3.181536357597792297e-01,-4.999816735506508181e-01,4.826487765866180335e-01,-4.163243903429196813e-01
-9.608859534165186123e-01,1.293596340621292251e+00,1.557700348843598537e+00,-9.585646434547236971e-01
-2.917399788697762064e-01,3.059308355666719437e-01,1.185294021750939120e+00,-5.076490645512233835e-01
-5.910947569564769521e-01,5.257251562350322427e-01,9.269763774848507332e-01,-7.174104256234213883e-01
-5.910947569564769521e-01,7.765161118694436926e-01,1.281172952915521357e+00,-1.084136070491141579e+00
-9.608859534165186123e-01,-4.351705277125440530e-01,2.028980314270716345e+00,-2.393828340643309183e-01
-9.608859534165186123e-01,-5.986073302608130309e-01,2.028980314270716345e+00,6.598404531968521392e-02
-1.075345133273198250e+00,2.721163246946163849e-01,2.280970432097227718e+00,-8.344201644528106421e-01
-1.022517819493192315e+00,4.397799411018912252e-01,2.188569225387985373e+00,-8.872172417294863500e-01
-1.075345133273198250e+00,8.680970788145945249e-01,2.405009271004354687e+00,-9.014867220745338416e-01
-1.075345133273198250e+00,2.354839379165565572e-01,2.405009271004354687e+00,-8.886441897639910659e-01
-1.233827074613216501e+00,3.608794157337616992e-01,3.331533027981189221e+00,-9.585646434547236971e-01
-1.233827074613216501e+00,-6.183324616028444964e-01,3.331533027981189221e+00,-6.303665955186317227e-01
-1.216217970019880967e+00,-9.297077492163556833e-01,3.271349074212388075e+00,-5.932659466215082222e-01
-1.216217970019880967e+00,-5.450676880467248964e-01,3.271349074212388075e+00,-9.471490591786857483e-01
1.927007199890474753e+00,-1.562008130180869148e-01,-8.166677213112467637e-01,7.694694263305260629e-01
1.927007199890474753e+00,1.016348323813359988e-01,-6.316721009785767338e-01,1.516009273899700249e-01
1.927007199890474753e+00,-2.759605390232834354e-01,-5.266158413901804725e-01,-1.038227707863797061e-01
1.927007199890474753e+00,-2.970946083183176323e-01,-6.297883335652675330e-01,6.598404531968521392e-02
1.927007199890474753e+00,1.058616462403430825e-01,-6.253928762675460273e-01,-6.303665955186317227e-01
1.927007199890474753e+00,-1.012522328509959102e-01,-7.329608257403544824e-01,2.828801465644068536e-01
1.927007199890474753e+00,-1.353798073070051844e+00,-8.256518428208750038e-01,-2.878990672374923121e-01
1.927007199890474753e+00,-7.324564357960323679e-01,-9.217239808996428030e-01,3.470928081171206214e-01
1.469170480463755757e+00,3.461951850291850707e+00,-9.217239808996428030e-01,-9.871036041448186804e-01
1.469170480463755757e+00,-3.891295326427216761e+00,-1.062523519612366796e+00,-7.259721138304497945e-01
1.469170480463755757e+00,-1.915964316317974481e+00,-9.953358152043396689e-01,2.557681339088166972e-01
7.031744306536695799e-01,-3.465796064620518369e+00,-1.112081093100961926e+00,1.601626155969985976e-01
7.031744306536695799e-01,-1.906101750646958859e+00,-1.198106471642080839e+00,-1.276774055149282550e+00
7.031744306536695799e-01,5.074089628460023427e-01,-1.186417453333854732e+00,-1.209707497527559239e+00
7.031744306536695799e-01,9.765853011957725816e-01,-1.260947020480932990e+00,-1.319582496184424913e+00
7.031744306536695799e-01,-1.505650612060770444e-01,-1.277031496086880269e+00,-3.820776375148056681e-01
1.028942865630373404e+00,-6.310129031798658028e-01,-1.296110678862704146e+00,-4.748292597576140861e-01
1.028942865630373404e+00,-1.996273779639106793e+00,-1.274568107931014715e+00,3.219539201575178478e+00
1.028942865630373404e+00,-3.078338127544882674e+00,-1.292536350950271418e+00,3.676162572616697322e+00
1.055356522520376261e+00,1.395039873237458927e+00,-1.205931351666595708e+00,1.758590439765507496e-01
1.055356522520376261e+00,4.595050724439239676e-01,-1.192117057302328531e+00,1.574268117791203458e+00
1.055356522520376261e+00,6.638010756292586079e-01,-1.185789530862751517e+00,1.288878510890253848e+00
1.055356522520376261e+00,8.050076308630176036e-02,-1.172216745141216432e+00,1.638480779343917559e+00
1.055356522520376261e+00,-1.407024955350613116e-01,-1.172216745141216432e+00,1.365933704753510725e+00
1.055356522520376261e+00,3.129755253316833241e-01,-1.107927144445972401e+00,1.266047342338177950e+00
1.310688539123737728e+00,-1.108642869247650209e+00,-1.078366486575582428e+00,1.625638247033374784e+00
1.310688539123737728e+00,-1.131185876495687248e+00,-1.101213204178024263e+00,1.762625258345830170e+00
1.310688539123737728e+00,-2.754282398354349848e+00,-1.146423622097444639e+00,2.628782715290212124e+00
1.310688539123737728e+00,-1.473557799075248420e+00,-1.152896053722660685e+00,2.654467779911297676e+00
1.310688539123737728e+00,-2.354144019701693402e+00,-1.133044043290094782e+00,2.293449927181596681e+00
1.310688539123737728e+00,-1.863833612056889022e+00,-1.108313558274343746e+00,2.822847647982857922e+00
1.310688539123737728e+00,-2.032906166417166816e+00,-1.073971029277861033e+00,2.627355767255707963e+00
1.310688539123737728e+00,-1.314347810385987803e+00,-1.007024833512565776e+00,1.233227537544569152e+00
1.310688539123737728e+00,-8.592608515662403246e-01,-9.111942040765299566e-01,6.995489726397932095e-01
1.310688539123737728e+00,-3.830398234514586497e-01,-7.946421330940931504e-01,9.349953983330768770e-01
1.310688539123737728e+00,-1.813111845748806461e+00,-9.867864092516288599e-01,1.922443438210362121e+00
1.249056673047064026e+00,-1.829706341251310375e-01,-9.765464427997944119e-01,4.227210539458721716e-01
1.249056673047064026e+00,-6.141056477438386896e-01,-9.809419000975158065e-01,5.911009220174325840e-01
1.249056673047064026e+00,2.087141168095124621e-01,-1.008184074997679369e+00,7.009759206742981474e-01
1.249056673047064026e+00,1.157242119113600642e-01,-1.031803620256863452e+00,1.022039228437866321e+00
1.249056673047064026e+00,-8.113569611641620050e-01,-1.052766570445996308e+00,1.100521370335627580e+00
1.249056673047064026e+00,-6.634184760989185747e-01,-1.117007869412693699e+00,2.534604145012898879e+00
1.249056673047064026e+00,-4.732118524436066953e-01,-1.074309141377685739e+00,2.077980773971379591e+00
1.249056673047064026e+00,2.837005882521631203e-02,-1.081409495474005000e+00,1.157599291715817325e+00
1.249056673047064026e+00,1.143152739583572775e-01,-1.050061673647398441e+00,1.156172343681312498e+00
1.249056673047064026e+00,-1.372114266459081744e+00,-1.019245170834802261e+00,1.079117149818056065e+00
1.249056673047064026e+00,-1.115687559012661589e+00,-1.065325019868057277e+00,2.165024604076169368e+00
9.497018949603642790e-01,-3.078338127544882674e+00,-1.272684340517705515e+00,1.588537598136251061e+00
9.497018949603642790e-01,-1.007199336631483755e+00,-1.220953189244522896e+00,-1.107114854357104869e-02
4.038196525669687786e-01,-9.945188950544624484e-01,-1.139081759358393509e+00,2.025183696694703883e+00
4.038196525669687786e-01,7.455194769033938185e-01,-1.133865172675383448e+00,1.080544097852561114e+00
4.038196525669687786e-01,-7.972675816341391331e-01,-1.159223580162237477e+00,-2.993146515135303165e-01
4.038196525669687786e-01,4.707765760679424871e-01,-1.103918100976622352e+00,1.286024614821244416e+00
4.038196525669687786e-01,-2.387958530573749183e+00,-1.091166444640375488e+00,3.162461280194987623e+00
1.249056673047064026e+00,-2.541532767451001096e+00,-1.040787741766491692e+00,3.534894717200726788e+00
1.125792940893717731e+00,1.565834125484270034e-01,-9.555351908821151374e-01,2.403324925838462356e+00
1.125792940893717731e+00,6.468938201932314946e-01,-9.628770536211662678e-01,1.938139866589914329e+00
1.125792940893717731e+00,-1.435516474344185722e+00,-1.045956026720955334e+00,2.059430449522817952e+00
1.125792940893717731e+00,-5.154799910336763658e-01,-9.710400457455060641e-01,1.200407732750959910e+00
1.469170480463755757e+00,7.060692142193283338e-01,-9.751939944004954786e-01,1.502920716065966111e+00
1.469170480463755757e+00,1.241778396293730102e-01,-9.438461725738890307e-01,4.013168334283009342e-01
1.469170480463755757e+00,-4.464420313365625725e-01,-9.362628011921059201e-01,4.983492997746237219e-01
5.534970416103190960e-01,-9.508418185113911569e-01,-8.992636771255718697e-01,2.700376142538641333e-01
5.534970416103190960e-01,-3.097750498953389386e-01,-8.651626567718213590e-01,1.581402857963727371e+00
2.893604727102890295e-01,-1.067783668610582160e+00,-8.450208359679770576e-01,7.066837128123170109e-01
1.125792940893717731e+00,-6.014252061668173832e-01,-9.193571962008697529e-01,1.738367141759249890e+00
2.893604727102890295e-01,-6.845525453939540483e-01,-8.768516750800473547e-01,4.969223517401190060e-01
1.125792940893717731e+00,-1.702901925481097589e-01,-9.419141034320334116e-01,3.299694317030635315e-01
1.125792940893717731e+00,-1.829706341251310375e-01,-9.067987467788085620e-01,1.328833055856387002e+00
1.125792940893717731e+00,8.050076308630176036e-02,-8.910523832726857663e-01,1.694131752689602255e+00
2.893604727102890295e-01,3.541474859022772370e-02,-8.502374226509870070e-01,7.751772184685450373e-01
2.893604727102890295e-01,7.187496557963496402e-01,-8.330903090170189706e-01,1.067701565542018338e+00
2.893604727102890295e-01,1.439029709714057248e-01,-7.788957695879703547e-01,-2.534062888861873114e-02
1.425147718980417588e+00,1.594012884544313280e-01,-7.231555748454375765e-01,5.725505975688705007e-01
1.425147718980417588e+00,-1.618365648300955639e-01,-7.683659927648576193e-01,4.227210539458721716e-01
1.662870630990444631e+00,4.313263133838770580e-01,-8.154601780975870851e-01,1.578548961894717939e+00
1.662870630990444631e+00,1.946247372794896180e-01,-8.744365886527278864e-01,8.336820878832397197e-01
1.662870630990444631e+00,-2.407370901982251177e-01,-9.171353166877358465e-01,2.032318436867227796e+00
1.662870630990444631e+00,-5.464766259997275721e-01,-9.623457346071560004e-01,3.112518098987322457e+00
1.662870630990444631e+00,-9.804295155244395765e-01,-9.639879933777332210e-01,1.522897988549032577e+00
1.662870630990444631e+00,-7.113223665009981156e-01,-9.403201463900024981e-01,1.413022989892167125e+00
1.662870630990444631e+00,1.171331498643616020e-01,-8.442480083112346989e-01,1.043443448955437391e+00
1.662870630990444631e+00,-1.463382473470699330e-01,-8.733739506247074624e-01,6.253476748455463197e-01
1.662870630990444631e+00,2.284392481515451490e-01,-8.861256069609541042e-01,9.478379306436196527e-01
1.662870630990444631e+00,1.918068613734840722e-01,-8.815369427490471477e-01,1.679862272344555096e+00
1.662870630990444631e+00,2.555218291921199786e-02,-8.409151890415339503e-01,7.965814389861159972e-01
1.662870630990444631e+00,-1.012522328509959102e-01,-7.800550110730838371e-01,6.039434543279753598e-01
1.425147718980417588e+00,-1.942421377491495571e-01,-7.493351117175803822e-01,8.450976721592774465e-01
1.425147718980417588e+00,1.326314673473872052e-01,-7.863342357841143215e-01,1.013477540230837581e+00
1.425147718980417588e+00,6.003988677441546296e-01,-7.193880400188192858e-01,7.466382577784501651e-01
1.425147718980417588e+00,4.679587001619381348e-01,-7.041246937981602283e-01,7.880197507790877021e-01
1.425147718980417588e+00,-3.644108701289042879e-02,-6.978454690871297439e-01,7.223801411918692184e-01
1.425147718980417588e+00,1.507754909477643901e+00,-6.570305084654308736e-01,6.467518953631173906e-01
1.425147718980417588e+00,5.708111707311062100e-01,-6.360675582762980174e-01,9.278606581605530756e-01
1.425147718980417588e+00,2.847967662716376913e-01,-6.651935005897706699e-01,8.450976721592774465e-01
1.425147718980417588e+00,-4.887101699266322985e-01,-5.952525976545993691e-01,9.706690991956955505e-01
1.425147718980417588e+00,-5.450676880467248964e-01,-4.993253647614708246e-01,6.752908560532127069e-01
1.425147718980417588e+00,-3.080533520088054450e-02,-4.974415973481615683e-01,5.739775456033755496e-01
1.425147718980417588e+00,-3.407716848613889238e-01,-5.291275312745928883e-01,3.556544963241489166e-01
1.425147718980417588e+00,7.486501127429312508e-02,-6.017733310083619447e-01,3.485197561516253373e-01
1.425147718980417588e+00,-8.262327952843527903e-03,-5.209645391502530920e-01,2.543411858743119813e-01
1.425147718980417588e+00,2.678895108356093013e-01,-4.885057775670795799e-01,-2.736295868924448760e-01
9.144836857736936553e-01,-1.604276268770940261e-01,-4.103535807790221757e-01,1.444661872174464456e-01
9.144836857736936553e-01,-7.944497057281335595e-01,-3.605544986476951208e-01,2.743184583573785029e-01
9.144836857736936553e-01,-5.225246807986878572e-01,-4.547428693131536082e-01,7.052567647778120730e-01
2.893604727102890295e-01,-4.506688451955696562e-01,-6.147181942587942594e-01,1.300294095166292241e+00
2.541422635236183503e-01,-5.591570675767476573e-01,-4.369195314795362162e-01,8.450976721592774465e-01
2.541422635236183503e-01,-2.196030209031908653e-01,-3.765423707965499522e-01,5.825392338104038448e-01
-1.684762467164288291e-01,-1.322488678170471166e-01,-3.447115316844795441e-01,9.452300600978007228e-02
2.541422635236183503e-01,1.608102264074340870e-01,-4.426674371765564331e-01,3.071382631509875227e-01
5.534970416103190960e-01,9.258635348876899096e-01,-6.182925221712268771e-01,-7.813770616529429336e-02
2.893604727102890295e-01,-1.262217106124902344e+00,-6.680916043025539874e-01,8.465246201937823844e-01
2.893604727102890295e-01,-2.266477106682023013e-01,-7.761908727893727100e-01,1.696985648758612131e+00
5.534970416103190960e-01,2.270303101985423622e-01,-7.282272563428083823e-01,9.235798140570385950e-01
5.534970416103190960e-01,-1.435516474344185722e+00,-8.270525929487204664e-01,1.812568439553496669e+00
5.534970416103190960e-01,-1.942421377491495571e-01,-7.933379864233407464e-01,8.308281918142302880e-01
5.534970416103190960e-01,-1.322488678170471166e-01,-8.992636771255718697e-01,1.287697588378940439e-01
-1.684762467164288291e-01,-1.139326744280172027e-01,-1.877792156372616039e-01,-2.094169253397310804e-01
-1.684762467164288291e-01,6.018078056971574163e-01,-2.324583145426713515e-01,-6.375013356911554130e-01
-1.684762467164288291e-01,1.039987509080876560e+00,-1.943482507195704312e-01,-7.416685422100021130e-01
2.805559204136213736e-01,-2.942767324123133355e-01,-1.289960119963060869e-01,3.956090412902820153e-01
2.981650250069567409e-01,-8.677144792842544918e-01,-6.913247357333671683e-01,-2.819452495762816632e-02
2.981650250069567409e-01,-5.591570675767476573e-01,-6.913247357333671683e-01,1.972632644941220148e-01
2.981650250069567409e-01,-9.198451835453399505e-01,-4.899548294234712942e-01,7.694694263305260629e-01
2.981650250069567409e-01,-1.314347810385987803e+00,-4.899548294234712942e-01,1.274609030545206689e+00
2.981650250069567409e-01,-7.451368773730536743e-01,-4.445029028613192157e-01,2.700376142538641333e-01
2.981650250069567409e-01,-4.281258379475326725e-01,-6.780900621116565663e-01,1.016577461823039152e-01
2.981650250069567409e-01,-1.062147916798573455e+00,-6.825338211379242681e-01,4.127324177043388831e-01
2.981650250069567409e-01,-4.168543343235141529e-01,-6.350532219768237896e-01,3.028574190474733752e-01
1.925103974469446755e-01,3.806045470757943860e-01,-6.445203607719161010e-01,-3.621003650317391465e-01
1.925103974469446755e-01,-2.858231046942991682e-01,-7.368249640240656095e-01,-4.462902990675192694e-01
1.925103974469446755e-01,9.202277830756799837e-01,-7.947870382797324051e-01,-9.371604229371525152e-01
1.925103974469446755e-01,6.638010756292586079e-01,-6.878470112780271650e-01,-8.172967880387536077e-01
1.925103974469446755e-01,-4.126275204645070693e-01,-6.317687044356695703e-01,-6.175240632080890579e-01
