1.014230834430432104e-01
-1.573870579918155155e-01
1.255284964006789350e+00
1.115096137396240250e+00
1.417041302403576175e+00
6.082596104196417164e-01
-1.719823138126725867e-02
4.357195161297360841e-01
-7.073586085408907209e-01
-4.485484671060320228e-01
-8.691149469376775460e-01
-4.485484671060320228e-01
-1.466033020986966251e-01
-2.867921287092452531e-01
-5.240347583578658375e-01
-3.407109081748408430e-01
4.369280404971287966e-03
-5.995210496096995412e-01
-5.240347583578658375e-01
-1.020087529441345175e+00
-3.730621758541978750e-01
-8.475474351514393767e-01
-9.230337264032730804e-01
-8.044124115789628160e-01
-6.965748526477715252e-01
-5.024672465716276681e-01
-2.220895933505303843e-01
-9.230337264032730804e-01
-4.485484671060320228e-01
-3.299271522817215918e-01
-2.220895933505303843e-01
1.769093746948769696e-01
8.347184841751433826e-01
1.276852475793027075e+00
3.818007366641404943e-01
2.416119100535918385e-01
1.769093746948769696e-01
-2.005220815642922150e-01
-4.054134435335553510e-01
-3.299271522817215918e-01
-6.965748526477715252e-01
-3.946296876404364329e-01
-3.622784199610790123e-01
-2.760083728161259464e-01
2.092606423742343902e-01
3.672054808432834161e-02
1.330771255258622610e+00
1.769093746948769696e-01
9.209885313200963930e-01
2.593679219120945123e-02
-3.730621758541978750e-01
-4.701159788922701921e-01
-7.612773880064863663e-01
-9.268452263310102135e-02
2.092606423742343902e-01
1.071961113823763911e+00
4.750430397744761363e-02
-3.946296876404364329e-01
-1.142520344193391768e-01
-6.103048055028188479e-01
-2.328733492436496355e-01
1.229905952292813659e-01
-1.466033020986966251e-01
-2.798198727438614558e-02
3.672054808432834161e-02
1.122068393361624755e-01
-1.789545697780540456e-01
-3.299271522817215918e-01
-2.436571051367685259e-01
-2.005220815642922150e-01
-2.975758846023641158e-01
5.327733191678080127e-01
9.063932754992393148e-02
1.876931305879962486e-01
-1.719823138126725867e-02
9.063932754992393148e-02
3.818007366641404943e-01
-6.033325495374358000e-02
-9.268452263310102135e-02
5.828805987056688565e-02
6.082596104196417164e-01
-4.954949906062430798e-02
-1.142520344193391768e-01
-1.719823138126725867e-02
2.092606423742343902e-01
-2.652246169230066952e-01
-1.789545697780540456e-01
1.686635199731554069e+00
2.236606750280628386e+00
1.093528625610002525e+00
4.788545397022123673e-01
3.710169807710211876e-01
-4.054134435335553510e-01
-3.191433963886022851e-01
-3.838459317473171817e-01
-3.838459317473171817e-01
-2.867921287092452531e-01
-3.514946640679597056e-01
-3.946296876404364329e-01
-1.466033020986966251e-01
-2.798198727438614558e-02
-4.593322229991509409e-01
-4.701159788922701921e-01
-4.916834906785083614e-01
-5.132510024647465308e-01
-2.005220815642922150e-01
-4.161971994266746022e-01
-2.867921287092452531e-01
-4.054134435335553510e-01
-1.142520344193391768e-01
-2.975758846023641158e-01
-2.760083728161259464e-01
-6.210885613959377105e-01
-4.593322229991509409e-01
-1.789545697780540456e-01
-7.397098762202481970e-01
-5.456022701441040068e-01
-9.446012381895112497e-01
-4.161971994266746022e-01
-3.730621758541978750e-01
-6.414475488147984919e-03
-5.024672465716276681e-01
-5.348185142509847001e-01
-6.103048055028188479e-01
-6.426560731821758798e-01
-1.052438797120702541e+00
-5.671697819303420651e-01
-9.769525058688687258e-01
-9.338174822963921651e-01
-1.041655041227583345e+00
-8.044124115789628160e-01
-1.214195135517489366e+00
-9.122499705101541068e-01
-5.671697819303420651e-01
-8.259799233652009853e-01
-1.681708138849347667e-01
-3.730621758541978750e-01
-8.367636792583200700e-01
-6.534398290752951866e-01
1.967012852952650492e+00
1.337743511224006310e-01
2.593679219120945123e-02
4.249357602366167774e-01
2.905199615654014078e+00
2.905199615654014078e+00
2.905199615654014078e+00
-3.876574316750541760e-02
2.905199615654014078e+00
7.985557165680504110e-02
-8.190076673998174239e-02
-6.103048055028188479e-01
-4.269809553197934648e-01
4.369280404971287966e-03
5.828805987056688565e-02
-4.954949906062430798e-02
6.837459016714755311e-01
1.515303629809017748e-02
1.661256188017580793e-01
7.376646811370710655e-01
1.524878861334767244e+00
1.805256514555863667e+00
1.417041302403576175e+00
1.600365152586600725e+00
1.018042334358168377e+00
3.602332248779019364e-01
7.053134134577140335e-01
2.905199615654014078e+00
9.641235548925727317e-01
7.268809252439522028e-01
1.276852475793027075e+00
1.503311349548528630e+00
8.023672164957860176e-01
1.438608814189813900e+00
8.670697518545008586e-01
6.513946339921184991e-01
2.905199615654014078e+00
1.104312381503121054e+00
7.807997047095478482e-01
1.244501208113669932e+00
1.276852475793027075e+00
1.061177357930644716e+00
1.122068393361624755e-01
2.074850411883841783e+00
2.743443277257227475e+00
2.905199615654014078e+00
-4.954949906062430798e-02
1.445581070155195214e-01
-6.033325495374358000e-02
1.445581070155195214e-01
-3.299271522817215918e-01
-1.466033020986966251e-01
-4.054134435335553510e-01
-7.111701084686285201e-02
5.435570750609272084e-01
2.092606423742343902e-01
2.593679219120945123e-02
6.082596104196417164e-01
-1.681708138849347667e-01
-6.414475488147984919e-03
3.925844925572593569e-01
-1.466033020986966251e-01
4.788545397022123673e-01
7.592321929233096789e-01
2.344444309211819899e+00
2.905199615654014078e+00
1.568013884907243582e+00
9.209885313200963930e-01
2.549335671181083729e+00
9.102047754269771973e-01
1.337743511224006310e-01
9.317722872132153666e-01
2.010147876525127497e+00
2.721875765470989084e+00
6.406108780989991924e-01
1.014230834430432104e-01
2.200443982673536691e-01
9.102047754269771973e-01
6.907181576368577602e-02
2.593679219120945123e-02
-1.142520344193391768e-01
-3.191433963886022851e-01
-9.268452263310102135e-02
6.907181576368577602e-02
1.337743511224006310e-01
1.553418629086388003e-01
3.386657130916637670e-01
1.445581070155195214e-01
1.876931305879962486e-01
7.053134134577140335e-01
2.128769191349437317e+00
-1.250357903124584558e-01
-2.328733492436496355e-01
2.258174262066867222e+00
2.905199615654014078e+00
1.395473790617337562e+00
7.592321929233096789e-01
1.158231160968716589e+00
2.161120459028795349e+00
2.775794544936584618e+00
8.562859959613815519e-01
1.449392570082933096e+00
-2.798198727438614558e-02
8.239347282820241869e-01
2.905199615654014078e+00
2.204255482601271687e+00
-2.544408610298878326e-01
-2.113058374574111054e-01
2.308281541604725595e-01
1.445581070155195214e-01
1.309203743472384884e+00
1.007258578465049181e+00
9.641235548925727317e-01
1.093528625610002525e+00
1.082744869716883329e+00
6.513946339921184991e-01
1.298419987579265689e+00
2.409146844570534629e+00
1.330771255258622610e+00
2.473849379929249359e+00
2.905199615654014078e+00
9.856910666788113451e-01
-1.142520344193391768e-01
1.515303629809017748e-02
-8.190076673998174239e-02
1.876931305879962486e-01
5.866920986334035470e-01
1.535662617227885773e+00
5.219895632746887060e-01
9.063932754992393148e-02
-1.466033020986966251e-01
5.974758545265228538e-01
4.357195161297360841e-01
-2.975758846023641158e-01
-6.033325495374358000e-02
6.406108780989991924e-01
1.876931305879962486e-01
-1.142520344193391768e-01
3.602332248779019364e-01
1.082744869716883329e+00
1.406257546510456757e+00
5.759083427402843514e-01
1.115096137396240250e+00
5.543408309540461820e-01
-2.798198727438614558e-02
-2.975758846023641158e-01
-7.504936321133670596e-01
-1.034682785262199117e-01
-3.946296876404364329e-01
-1.573870579918155155e-01
7.985557165680504110e-02
-7.397098762202481970e-01
-5.671697819303420651e-01
-3.514946640679597056e-01
4.369280404971287966e-03
-2.220895933505303843e-01
7.985557165680504110e-02
4.369280404971287966e-03
-2.867921287092452531e-01
-4.916834906785083614e-01
2.092606423742343902e-01
1.661256188017580793e-01
-6.414475488147984919e-03
-9.268452263310102135e-02
-4.054134435335553510e-01
-4.954949906062430798e-02
-3.514946640679597056e-01
-6.426560731821758798e-01
-3.946296876404364329e-01
-9.268452263310102135e-02
-2.544408610298878326e-01
-2.113058374574111054e-01
-3.838459317473171817e-01
-4.916834906785083614e-01
-2.652246169230066952e-01
-4.377647112129127716e-01
-4.701159788922701921e-01
1.039609846144406990e+00
-7.073586085408907209e-01
9.063932754992393148e-02
8.778535077476197213e-01
-5.995210496096995412e-01
-6.318723172890570172e-01
4.369280404971287966e-03
1.553418629086388003e-01
3.818007366641404943e-01
-1.719823138126725867e-02
1.122068393361624755e-01
-4.808997347853891102e-01
-5.240347583578658375e-01
-2.652246169230066952e-01
-5.671697819303420651e-01
-1.466033020986966251e-01
-3.876574316750541760e-02
-4.954949906062430798e-02
2.092606423742343902e-01
-3.407109081748408430e-01
-2.436571051367685259e-01
-6.750073408615333559e-01
-1.250357903124584558e-01
4.788545397022123673e-01
-1.250357903124584558e-01
4.369280404971287966e-03
2.905199615654014078e+00
2.905199615654014078e+00
2.905199615654014078e+00
2.905199615654014078e+00
2.905199615654014078e+00
-9.985200176551068951e-01
-9.985200176551068951e-01
-8.691149469376775460e-01
-9.877362617619878105e-01
-1.052438797120702541e+00
-1.074006308906940932e+00
-1.386735229807395386e+00
-1.311248938555561461e+00
-1.268113914983084900e+00
-1.160276356051893609e+00
-1.537707812311062794e+00
-1.710247906600969037e+00
-1.354383962128038021e+00
-1.688680394814730645e+00
-1.386735229807395386e+00
-1.246546403196846731e+00
-8.583311910445584614e-01
1.515303629809017748e-02
-1.440654009272990921e+00
-9.985200176551068951e-01
-1.117141332479417271e+00
-1.074006308906940932e+00
-1.138708844265655440e+00
-1.570059079990420381e+00
-1.807301709639040910e+00
-1.882788000890875058e+00
-1.710247906600969037e+00
-1.181843867838132001e+00
-1.591626591776658550e+00
-1.570059079990420381e+00
-1.203411379624370170e+00
5.219895632746887060e-01
-6.318723172890570172e-01
4.788545397022123673e-01
-8.691149469376775460e-01
-6.318723172890570172e-01
-5.563860260372232025e-01
-1.731815418387206984e+00
-1.710247906600969037e+00
-1.677896638921611450e+00
-1.365167718021156995e+00
-1.537707812311062794e+00
-1.580842835883539355e+00
-6.857910967546525516e-01
-9.553849940826305565e-01
-2.436571051367685259e-01
-1.041655041227583345e+00
-1.224978891410608561e+00
-1.591626591776658550e+00
-1.386735229807395386e+00
-1.311248938555561461e+00
-1.300465182662442265e+00
-1.462221521059229090e+00
-9.230337264032730804e-01
-9.661687499757496411e-01
-7.504936321133670596e-01
-9.446012381895112497e-01
-1.224978891410608561e+00
-1.041655041227583345e+00
-1.451437765166110117e+00
-1.548491568204182212e+00
-1.580842835883539355e+00
-1.106357576586298075e+00
-1.354383962128038021e+00
-6.426560731821758798e-01
-5.024672465716276681e-01
-8.259799233652009853e-01
-1.214195135517489366e+00
-8.798987028307966307e-01
-1.127925088372536466e+00
-9.661687499757496411e-01
-1.084790064800059906e+00
-1.041655041227583345e+00
-8.475474351514393767e-01
-7.504936321133670596e-01
-5.671697819303420651e-01
-8.798987028307966307e-01
-9.661687499757496411e-01
-1.117141332479417271e+00
-1.030871285334464371e+00
-8.798987028307966307e-01
-3.299271522817215918e-01
-5.779535378234613718e-01
-3.838459317473171817e-01
-3.083596404954834225e-01
-1.789545697780540456e-01
-3.407109081748408430e-01
-4.377647112129127716e-01
-4.269809553197934648e-01
-4.269809553197934648e-01
-3.407109081748408430e-01
-3.730621758541978750e-01
1.515303629809017748e-02
7.268809252439522028e-01
-9.985200176551068951e-01
-1.052438797120702541e+00
-6.857910967546525516e-01
-1.192627623731251196e+00
-9.122499705101541068e-01
-1.789545697780540456e-01
-6.414475488147984919e-03
6.907181576368577602e-02
2.092606423742343902e-01
-4.269809553197934648e-01
-1.358195462055773461e-01
1.553418629086388003e-01
4.369280404971287966e-03
-3.622784199610790123e-01
-5.132510024647465308e-01
-2.005220815642922150e-01
-5.995210496096995412e-01
-6.750073408615333559e-01
-7.111701084686285201e-02
-2.652246169230066952e-01
9.063932754992393148e-02
-1.142520344193391768e-01
-1.203411379624370170e+00
